d: 75
6461.751673827526
	A+	A-	B+	B-	AB+	AB-	O+	O-
Demand: 14	2	5	1	1	0	17	3	
Supply: 116	11	30	4	6	8	83	15	
Import: 0	0	0	0	0	0	0	0	
Expiry: 0	0	0	0	0	0	0	0	
Fitness: 2.1158740181209605

-----------------------------------------------------------------------
d: 76
6612.521982919176
	A+	A-	B+	B-	AB+	AB-	O+	O-
Demand: 75	12	28	5	7	2	92	16	
Supply: 151	110	43	28	10	10	161	113	
Import: 0	0	0	0	0	0	0	0	
Expiry: 0	0	0	0	0	0	0	0	
Fitness: 1.7277493614553308

-----------------------------------------------------------------------
d: 77
6655.653200706056
	A+	A-	B+	B-	AB+	AB-	O+	O-
Demand: 22	3	8	1	2	1	26	5	
Supply: 91	78	21	16	4	8	94	79	
Import: 0	0	0	0	0	0	0	0	
Expiry: 0	0	0	0	0	0	0	0	
Fitness: 2.0674852433860083

-----------------------------------------------------------------------
d: 78
6787.316813894715
	A+	A-	B+	B-	AB+	AB-	O+	O-
Demand: 66	10	25	4	6	2	80	14	
Supply: 138	11	39	17	9	9	85	15	
Import: 0	0	0	0	0	0	0	0	
Expiry: 0	0	0	0	0	0	0	0	
Fitness: 1.7880548703991483

-----------------------------------------------------------------------
d: 79
6909.609049651353
	A+	A-	B+	B-	AB+	AB-	O+	O-
Demand: 61	10	23	4	6	2	75	13	
Supply: 105	77	26	16	6	8	112	79	
Import: 0	0	0	0	0	0	0	0	
Expiry: 0	0	0	0	0	0	0	0	
Fitness: 1.817633280418962

-----------------------------------------------------------------------
d: 80
7065.442073502356
	A+	A-	B+	B-	AB+	AB-	O+	O-
Demand: 78	12	29	5	7	2	95	17	
Supply: 95	52	45	6	5	8	106	55	
Import: 0	0	0	0	2	0	0	0	
Expiry: 0	0	0	0	0	0	0	0	
Fitness: 1.7117701679961248

-----------------------------------------------------------------------
d: 81
7134.0259599756755
	A+	A-	B+	B-	AB+	AB-	O+	O-
Demand: 34	5	13	2	3	1	42	8	
Supply: 80	10	39	4	6	8	77	14	
Import: 0	0	0	0	0	0	0	0	
Expiry: 0	0	0	0	0	0	0	0	
Fitness: 1.9871502578444333

-----------------------------------------------------------------------
d: 82
7144.910105305853
	A+	A-	B+	B-	AB+	AB-	O+	O-
Demand: 5	1	2	0	1	0	7	1	
Supply: 64	3	33	1	5	8	22	4	
Import: 0	0	0	0	0	0	0	0	
Expiry: 0	0	0	0	0	0	0	0	
Fitness: 2.1692650658274775

-----------------------------------------------------------------------
d: 83
7271.855463886421
	A+	A-	B+	B-	AB+	AB-	O+	O-
Demand: 63	10	24	4	6	2	77	14	
Supply: 100	65	46	34	8	9	109	68	
Import: 0	0	0	0	0	0	0	0	
Expiry: 0	0	0	0	0	0	0	0	
Fitness: 1.8029468615059356

-----------------------------------------------------------------------
d: 84
7296.142853035441
	A+	A-	B+	B-	AB+	AB-	O+	O-
Demand: 12	2	5	1	1	0	15	3	
Supply: 60	4	31	1	4	8	28	5	
Import: 0	0	0	0	0	0	0	0	
Expiry: 0	0	0	0	0	0	0	0	
Fitness: 2.1269610775242564

-----------------------------------------------------------------------
d: 85
7324.439297822695
	A+	A-	B+	B-	AB+	AB-	O+	O-
Demand: 14	2	5	1	1	0	17	3	
Supply: 92	7	42	3	7	9	53	10	
Import: 0	0	0	0	0	0	0	0	
Expiry: 0	0	0	0	0	0	0	0	
Fitness: 2.1143074956660786

-----------------------------------------------------------------------
d: 86
7374.82257170487
	A+	A-	B+	B-	AB+	AB-	O+	O-
Demand: 25	4	9	2	2	1	31	6	
Supply: 117	6	52	2	10	10	47	9	
Import: 0	0	0	0	0	0	0	0	
Expiry: 0	0	0	0	0	0	0	0	
Fitness: 2.0465846168094326

-----------------------------------------------------------------------
d: 87
7516.343272899652
	A+	A-	B+	B-	AB+	AB-	O+	O-
Demand: 71	11	27	4	7	2	86	15	
Supply: 101	93	46	44	9	9	103	94	
Import: 0	0	0	0	0	0	0	0	
Expiry: 0	0	0	0	0	0	0	0	
Fitness: 1.7589321118540138

-----------------------------------------------------------------------
d: 88
7640.1486966093635
	A+	A-	B+	B-	AB+	AB-	O+	O-
Demand: 62	10	23	4	6	2	75	14	
Supply: 106	12	47	5	9	9	92	17	
Import: 0	0	0	0	0	0	0	0	
Expiry: 0	0	0	0	0	0	0	0	
Fitness: 1.8148459564162742

-----------------------------------------------------------------------
d: 89
7785.493738725812
	A+	A-	B+	B-	AB+	AB-	O+	O-
Demand: 73	11	27	5	7	2	89	16	
Supply: 114	55	50	28	10	9	129	59	
Import: 0	0	0	0	0	0	0	0	
Expiry: 0	0	0	0	0	0	0	0	
Fitness: 1.7468615358200037

-----------------------------------------------------------------------
d: 90
7921.810593686632
	A+	A-	B+	B-	AB+	AB-	O+	O-
Demand: 68	11	26	4	6	2	83	15	
Supply: 108	51	48	27	9	9	122	15	
Import: 0	0	0	0	0	0	0	0	
Expiry: 0	0	0	0	0	0	0	0	
Fitness: 1.7753567515299589

-----------------------------------------------------------------------
d: 91
7957.718821842325
	A+	A-	B+	B-	AB+	AB-	O+	O-
Demand: 18	3	7	1	2	1	22	4	
Supply: 112	11	49	4	10	9	88	16	
Import: 0	0	0	0	0	0	0	0	
Expiry: 0	0	0	0	0	0	0	0	
Fitness: 2.0922714798836397

-----------------------------------------------------------------------
d: 92
8010.236447998583
	A+	A-	B+	B-	AB+	AB-	O+	O-
Demand: 26	4	10	2	2	1	32	6	
Supply: 137	7	58	3	12	9	52	9	
Import: 0	0	0	0	0	0	0	0	
Expiry: 0	0	0	0	0	0	0	0	
Fitness: 2.0398480674443578

-----------------------------------------------------------------------
d: 93
8028.096463508722
	A+	A-	B+	B-	AB+	AB-	O+	O-
Demand: 9	1	3	1	1	0	11	2	
Supply: 139	4	58	2	13	9	34	6	
Import: 0	0	0	0	0	0	0	0	
Expiry: 0	0	0	0	0	0	0	0	
Fitness: 2.1492361510461677

-----------------------------------------------------------------------
d: 94
8079.046831957297
	A+	A-	B+	B-	AB+	AB-	O+	O-
Demand: 25	4	10	2	2	1	31	6	
Supply: 157	4	65	2	15	10	33	6	
Import: 0	0	0	0	0	0	0	0	
Expiry: 0	0	0	0	0	0	0	0	
Fitness: 2.0447947245842295

-----------------------------------------------------------------------
d: 95
8108.35163761763
	A+	A-	B+	B-	AB+	AB-	O+	O-
Demand: 15	2	5	1	1	0	18	3	
Supply: 146	134	60	1	14	9	149	135	
Import: 0	0	0	0	0	0	0	0	
Expiry: 0	0	0	0	0	0	0	0	
Fitness: 2.1131135321346233

-----------------------------------------------------------------------
d: 96
8166.008579870029
	A+	A-	B+	B-	AB+	AB-	O+	O-
Demand: 29	5	11	2	3	1	35	6	
Supply: 139	132	58	55	14	9	140	133	
Import: 0	0	0	0	0	0	0	0	
Expiry: 0	0	0	0	0	0	0	0	
Fitness: 2.0236271010159115

-----------------------------------------------------------------------
d: 97
8263.618893094126
	A+	A-	B+	B-	AB+	AB-	O+	O-
Demand: 49	8	18	3	5	2	59	11	
Supply: 188	12	76	5	18	10	95	17	
Import: 0	0	0	0	0	0	0	0	
Expiry: 0	0	0	0	0	0	0	0	
Fitness: 1.8975242738864935

-----------------------------------------------------------------------
d: 98
8309.434128234267
	A+	A-	B+	B-	AB+	AB-	O+	O-
Demand: 23	4	9	1	2	1	28	5	
Supply: 154	141	64	59	14	8	157	142	
Import: 0	0	0	0	0	0	0	0	
Expiry: 0	0	0	0	0	0	0	0	
Fitness: 2.0610024890889815

-----------------------------------------------------------------------
d: 99
8335.679467601522
	A+	A-	B+	B-	AB+	AB-	O+	O-
Demand: 13	2	5	1	1	0	16	3	
Supply: 156	4	64	2	14	8	30	5	
Import: 0	0	0	0	0	0	0	0	
Expiry: 0	0	0	0	0	0	0	0	
Fitness: 2.122769972622152

-----------------------------------------------------------------------
d: 100
8422.776993562273
	A+	A-	B+	B-	AB+	AB-	O+	O-
Demand: 44	7	16	3	4	1	53	10	
Supply: 183	149	74	61	17	9	191	152	
Import: 0	0	0	0	0	0	0	0	
Expiry: 0	0	0	0	0	0	0	0	
Fitness: 1.930705258686428

-----------------------------------------------------------------------
d: 101
8492.717224392776
	A+	A-	B+	B-	AB+	AB-	O+	O-
Demand: 35	5	13	2	3	1	43	8	
Supply: 210	11	85	4	20	10	87	16	
Import: 0	0	0	0	0	0	0	0	
Expiry: 0	0	0	0	0	0	0	0	
Fitness: 1.984857971441274

-----------------------------------------------------------------------
d: 102
8520.563109858633
	A+	A-	B+	B-	AB+	AB-	O+	O-
Demand: 14	2	5	1	1	0	17	3	
Supply: 227	8	92	3	22	11	64	11	
Import: 0	0	0	0	0	0	0	0	
Expiry: 0	0	0	0	0	0	0	0	
Fitness: 2.1257182489984365

-----------------------------------------------------------------------
d: 103
8609.631058576322
	A+	A-	B+	B-	AB+	AB-	O+	O-
Demand: 45	7	17	3	4	1	54	10	
Supply: 265	8	107	3	26	13	64	11	
Import: 0	0	0	0	0	0	0	0	
Expiry: 0	0	0	0	0	0	0	0	
Fitness: 2.2148994234125228

-----------------------------------------------------------------------
d: 104
8648.898636520358
	A+	A-	B+	B-	AB+	AB-	O+	O-
Demand: 20	3	7	1	2	1	24	4	
Supply: 297	12	119	5	29	14	93	17	
Import: 0	0	0	0	0	0	0	0	
Expiry: 0	0	0	0	0	0	0	0	
Fitness: 2.414679443445623

-----------------------------------------------------------------------
d: 105
8689.577762014147
	A+	A-	B+	B-	AB+	AB-	O+	O-
Demand: 20	3	8	1	2	1	25	4	
Supply: 277	277	112	112	27	13	277	277	
Import: 0	0	0	0	0	0	0	0	
Expiry: 0	0	0	0	0	0	0	0	
Fitness: 2.9190994897186564

-----------------------------------------------------------------------
d: 106
8825.090622106307
	A+	A-	B+	B-	AB+	AB-	O+	O-
Demand: 68	11	25	4	6	2	83	15	
Supply: 282	261	113	106	27	13	288	263	
Import: 0	0	0	0	0	0	0	0	
Expiry: 0	0	0	0	0	0	0	0	
Fitness: 2.694368967342799

-----------------------------------------------------------------------
d: 107
8912.186195242068
	A+	A-	B+	B-	AB+	AB-	O+	O-
Demand: 44	7	16	3	4	1	53	10	
Supply: 233	217	95	89	23	12	238	218	
Import: 0	0	0	0	0	0	0	0	
Expiry: 0	0	0	0	0	0	0	0	
Fitness: 2.847186029298931

-----------------------------------------------------------------------
d: 108
8990.298650806706
	A+	A-	B+	B-	AB+	AB-	O+	O-
Demand: 39	6	15	2	4	1	48	9	
Supply: 219	194	90	81	22	12	226	196	
Import: 0	0	0	0	0	0	0	0	
Expiry: 0	0	0	0	0	0	0	0	
Fitness: 2.8755389941327834

-----------------------------------------------------------------------
d: 109
9068.371398414814
	A+	A-	B+	B-	AB+	AB-	O+	O-
Demand: 39	6	15	2	4	1	48	9	
Supply: 241	10	98	4	24	13	74	13	
Import: 0	0	0	0	0	0	0	0	
Expiry: 0	0	0	0	0	0	0	0	
Fitness: 2.8756643223705893

-----------------------------------------------------------------------
d: 110
9193.151859159401
	A+	A-	B+	B-	AB+	AB-	O+	O-
Demand: 62	10	23	4	6	2	76	14	
Supply: 203	202	83	83	20	12	203	202	
Import: 0	0	0	0	0	0	0	0	
Expiry: 0	0	0	0	0	0	0	0	
Fitness: 2.728243102783569

-----------------------------------------------------------------------
d: 111
9288.45085803943
	A+	A-	B+	B-	AB+	AB-	O+	O-
Demand: 48	7	18	3	4	1	58	10	
Supply: 203	10	83	4	20	12	75	14	
Import: 0	0	0	0	0	0	0	0	
Expiry: 0	0	0	0	0	0	0	0	
Fitness: 2.821293966793588

-----------------------------------------------------------------------
d: 112
9314.816827494864
	A+	A-	B+	B-	AB+	AB-	O+	O-
Demand: 13	2	5	1	1	0	16	3	
Supply: 224	11	91	4	23	13	85	15	
Import: 0	0	0	0	0	0	0	0	
Expiry: 0	0	0	0	0	0	0	0	
Fitness: 3.038863840914969

-----------------------------------------------------------------------
d: 113
9420.957753191897
	A+	A-	B+	B-	AB+	AB-	O+	O-
Demand: 53	8	20	3	5	2	65	12	
Supply: 232	214	94	87	24	14	237	216	
Import: 0	0	0	0	0	0	0	0	
Expiry: 0	0	0	0	0	0	0	0	
Fitness: 2.7870741352774178

-----------------------------------------------------------------------
d: 114
9546.883049465427
	A+	A-	B+	B-	AB+	AB-	O+	O-
Demand: 63	10	24	4	6	2	77	14	
Supply: 215	185	88	76	22	13	223	187	
Import: 0	0	0	0	0	0	0	0	
Expiry: 0	0	0	0	0	0	0	0	
Fitness: 2.7246297156453476

-----------------------------------------------------------------------
d: 115
9653.902409018976
	A+	A-	B+	B-	AB+	AB-	O+	O-
Demand: 54	8	20	3	5	2	65	12	
Supply: 230	12	93	5	23	13	94	17	
Import: 0	0	0	0	0	0	0	0	
Expiry: 0	0	0	0	0	0	0	0	
Fitness: 2.784301578417788

-----------------------------------------------------------------------
d: 116
9724.050468006955
	A+	A-	B+	B-	AB+	AB-	O+	O-
Demand: 35	5	13	2	3	1	43	8	
Supply: 228	8	92	3	23	13	63	11	
Import: 0	0	0	0	0	0	0	0	
Expiry: 0	0	0	0	0	0	0	0	
Fitness: 2.900676620827866

-----------------------------------------------------------------------
d: 117
9828.907064708745
	A+	A-	B+	B-	AB+	AB-	O+	O-
Demand: 52	8	20	3	5	2	64	11	
Supply: 250	9	100	4	25	14	69	12	
Import: 0	0	0	0	0	0	0	0	
Expiry: 0	0	0	0	0	0	0	0	
Fitness: 2.7911277986686533

-----------------------------------------------------------------------
d: 118
9972.222000392188
	A+	A-	B+	B-	AB+	AB-	O+	O-
Demand: 72	11	27	4	7	2	87	16	
Supply: 271	209	107	5	27	14	88	16	
Import: 0	0	0	0	0	0	0	0	
Expiry: 0	0	0	0	0	0	0	0	
Fitness: 2.669743666257812

-----------------------------------------------------------------------
d: 119
10096.294329292587
	A+	A-	B+	B-	AB+	AB-	O+	O-
Demand: 62	10	23	4	6	2	76	14	
Supply: 264	10	104	4	26	14	79	14	
Import: 0	0	0	0	0	0	0	0	
Expiry: 0	0	0	0	0	0	0	0	
Fitness: 2.73047814391679

-----------------------------------------------------------------------
d: 120
10203.817718440643
	A+	A-	B+	B-	AB+	AB-	O+	O-
Demand: 54	8	20	3	5	2	66	12	
Supply: 255	210	101	84	25	14	266	12	
Import: 0	0	0	0	0	0	0	0	
Expiry: 0	0	0	0	0	0	0	0	
Fitness: 2.7827107350101263

-----------------------------------------------------------------------
d: 121
10331.562815048086
	A+	A-	B+	B-	AB+	AB-	O+	O-
Demand: 64	10	24	4	6	2	78	14	
Supply: 240	207	96	83	24	13	248	209	
Import: 0	0	0	0	0	0	0	0	
Expiry: 0	0	0	0	0	0	0	0	
Fitness: 2.718885970841432

-----------------------------------------------------------------------
d: 122
10379.725562579535
	A+	A-	B+	B-	AB+	AB-	O+	O-
Demand: 24	4	9	2	2	1	29	5	
Supply: 216	6	87	2	22	12	48	9	
Import: 0	0	0	0	0	0	0	0	
Expiry: 0	0	0	0	0	0	0	0	
Fitness: 2.9700677601125394

-----------------------------------------------------------------------
d: 123
10410.942464688922
	A+	A-	B+	B-	AB+	AB-	O+	O-
Demand: 16	2	6	1	1	0	19	3	
Supply: 240	7	96	3	24	12	58	10	
Import: 0	0	0	0	0	0	0	0	
Expiry: 0	0	0	0	0	0	0	0	
Fitness: 3.0235530847259207

-----------------------------------------------------------------------
d: 124
10540.9557359501
	A+	A-	B+	B-	AB+	AB-	O+	O-
Demand: 65	10	24	4	6	2	79	14	
Supply: 282	233	112	94	28	14	294	237	
Import: 0	0	0	0	0	0	0	0	
Expiry: 0	0	0	0	0	0	0	0	
Fitness: 2.7117270445905817

-----------------------------------------------------------------------
d: 125
10608.787104404017
	A+	A-	B+	B-	AB+	AB-	O+	O-
Demand: 34	5	13	2	3	1	41	7	
Supply: 267	8	107	3	27	14	61	11	
Import: 0	0	0	0	0	0	0	0	
Expiry: 0	0	0	0	0	0	0	0	
Fitness: 2.907988675325998

-----------------------------------------------------------------------
d: 126
10733.849791280796
	A+	A-	B+	B-	AB+	AB-	O+	O-
Demand: 63	10	23	4	6	2	76	14	
Supply: 243	235	98	95	25	13	245	235	
Import: 0	0	0	0	0	0	0	0	
Expiry: 0	0	0	0	0	0	0	0	
Fitness: 2.727352326553844

-----------------------------------------------------------------------
d: 127
10845.386385509652
	A+	A-	B+	B-	AB+	AB-	O+	O-
Demand: 56	9	21	3	5	2	68	12	
Supply: 231	188	94	78	24	13	242	191	
Import: 0	0	0	0	0	0	0	0	
Expiry: 0	0	0	0	0	0	0	0	
Fitness: 2.7700440564738575

-----------------------------------------------------------------------
d: 128
10889.933956492945
	A+	A-	B+	B-	AB+	AB-	O+	O-
Demand: 22	3	8	1	2	1	27	5	
Supply: 195	178	80	74	21	12	199	179	
Import: 0	0	0	0	0	0	0	0	
Expiry: 0	0	0	0	0	0	0	0	
Fitness: 2.9814781610926597

-----------------------------------------------------------------------
d: 129
11012.832923852815
	A+	A-	B+	B-	AB+	AB-	O+	O-
Demand: 61	10	23	4	6	2	75	13	
Supply: 197	177	81	74	21	12	202	178	
Import: 0	0	0	0	0	0	0	0	
Expiry: 0	0	0	0	0	0	0	0	
Fitness: 2.7341815662790863

-----------------------------------------------------------------------
d: 130
11123.611273862147
	A+	A-	B+	B-	AB+	AB-	O+	O-
Demand: 55	9	21	3	5	2	68	12	
Supply: 179	143	74	61	19	11	189	145	
Import: 0	0	0	0	0	0	0	0	
Expiry: 0	0	0	0	0	0	0	0	
Fitness: 2.7724372647917273

-----------------------------------------------------------------------
d: 131
11232.112626219247
	A+	A-	B+	B-	AB+	AB-	O+	O-
Demand: 54	8	20	3	5	2	66	12	
Supply: 142	127	60	54	16	10	146	128	
Import: 0	0	0	0	0	0	0	0	
Expiry: 0	0	0	0	0	0	0	0	
Fitness: 2.779624038631576

-----------------------------------------------------------------------
d: 132
11288.954850768872
	A+	A-	B+	B-	AB+	AB-	O+	O-
Demand: 28	4	11	2	3	1	35	6	
Supply: 120	5	52	2	14	9	39	7	
Import: 0	0	0	0	0	0	0	0	
Expiry: 0	0	0	0	0	0	0	0	
Fitness: 2.9426731607739205

-----------------------------------------------------------------------
d: 133
11302.57695870846
	A+	A-	B+	B-	AB+	AB-	O+	O-
Demand: 7	1	3	0	1	0	8	1	
Supply: 146	8	61	3	16	10	66	12	
Import: 0	0	0	0	0	0	0	0	
Expiry: 0	0	0	0	0	0	0	0	
Fitness: 3.0790866538243566

-----------------------------------------------------------------------
d: 134
11460.08299658524
	A+	A-	B+	B-	AB+	AB-	O+	O-
Demand: 79	12	30	5	7	2	96	17	
Supply: 195	148	79	61	20	12	207	151	
Import: 0	0	0	0	0	0	0	0	
Expiry: 0	0	0	0	0	0	0	0	
Fitness: 2.624952999960087

-----------------------------------------------------------------------
d: 135
11598.833239542759
	A+	A-	B+	B-	AB+	AB-	O+	O-
Demand: 69	11	26	4	7	2	85	15	
Supply: 166	124	68	52	18	12	177	127	
Import: 0	0	0	0	0	0	0	0	
Expiry: 0	0	0	0	0	0	0	0	
Fitness: 2.6841509776740127

-----------------------------------------------------------------------
d: 136
11622.273525554707
	A+	A-	B+	B-	AB+	AB-	O+	O-
Demand: 12	2	4	1	1	0	14	3	
Supply: 128	5	54	2	14	11	38	7	
Import: 0	0	0	0	0	0	0	0	
Expiry: 0	0	0	0	0	0	0	0	
Fitness: 3.04809802928347

-----------------------------------------------------------------------
d: 137
11655.995015922128
	A+	A-	B+	B-	AB+	AB-	O+	O-
Demand: 17	3	6	1	2	1	21	4	
Supply: 142	4	60	2	15	12	32	6	
Import: 0	0	0	0	0	0	0	0	
Expiry: 0	0	0	0	0	0	0	0	
Fitness: 3.015647978036509

-----------------------------------------------------------------------
d: 138
11723.345337193487
	A+	A-	B+	B-	AB+	AB-	O+	O-
Demand: 34	5	13	2	3	1	41	7	
Supply: 198	11	81	5	20	13	89	16	
Import: 0	0	0	0	0	0	0	0	
Expiry: 0	0	0	0	0	0	0	0	
Fitness: 2.9095069804959506

-----------------------------------------------------------------------
d: 139
11725.468942863694
	A+	A-	B+	B-	AB+	AB-	O+	O-
Demand: 1	0	0	0	0	0	1	0	
Supply: 231	11	93	4	23	14	82	15	
Import: 0	0	0	0	0	0	0	0	
Expiry: 0	0	0	0	0	0	0	0	
Fitness: 3.1153788016120827

-----------------------------------------------------------------------
d: 140
11725.669171107458
	A+	A-	B+	B-	AB+	AB-	O+	O-
Demand: 0	0	0	0	0	0	0	0	
Supply: 261	5	105	2	26	15	38	7	
Import: 0	0	0	0	0	0	0	0	
Expiry: 0	0	0	0	0	0	0	0	
Fitness: 3.1234494616142987

-----------------------------------------------------------------------
d: 141
11763.423196939011
	A+	A-	B+	B-	AB+	AB-	O+	O-
Demand: 19	3	7	1	2	1	23	4	
Supply: 282	3	113	106	28	16	25	5	
Import: 0	0	0	0	0	0	0	0	
Expiry: 0	0	0	0	0	0	0	0	
Fitness: 3.006920287977834

-----------------------------------------------------------------------
d: 142
11916.380065510699
	A+	A-	B+	B-	AB+	AB-	O+	O-
Demand: 76	12	29	5	7	2	93	17	
Supply: 303	269	121	109	30	16	312	272	
Import: 0	0	0	0	0	0	0	0	
Expiry: 0	0	0	0	0	0	0	0	
Fitness: 2.6782364152415186

-----------------------------------------------------------------------
d: 143
11919.235587791254
	A+	A-	B+	B-	AB+	AB-	O+	O-
Demand: 1	0	1	0	0	0	2	0	
Supply: 249	3	100	1	25	15	26	5	
Import: 0	0	0	0	0	0	0	0	
Expiry: 0	0	0	0	0	0	0	0	
Fitness: 3.151993789472903

-----------------------------------------------------------------------
d: 144
11930.863717943424
	A+	A-	B+	B-	AB+	AB-	O+	O-
Demand: 6	1	2	0	1	0	7	1	
Supply: 313	10	124	4	31	17	80	14	
Import: 0	0	0	0	0	0	0	0	
Expiry: 0	0	0	0	0	0	0	0	
Fitness: 3.1243052458781184

-----------------------------------------------------------------------
d: 145
12067.390573058745
	A+	A-	B+	B-	AB+	AB-	O+	O-
Demand: 68	11	26	4	6	2	83	15	
Supply: 386	12	152	5	37	19	96	17	
Import: 0	0	0	0	0	0	0	0	
Expiry: 0	0	0	0	0	0	0	0	
Fitness: 3.0684422903954682

-----------------------------------------------------------------------
d: 146
12152.918213240033
	A+	A-	B+	B-	AB+	AB-	O+	O-
Demand: 43	7	16	3	4	1	52	9	
Supply: 330	320	130	127	32	17	332	321	
Import: 0	0	0	0	0	0	0	0	
Expiry: 0	0	0	0	0	0	0	0	
Fitness: 3.290173974626755

-----------------------------------------------------------------------
d: 147
12279.46968085344
	A+	A-	B+	B-	AB+	AB-	O+	O-
Demand: 63	10	24	4	6	2	77	14	
Supply: 364	12	143	5	35	18	94	17	
Import: 0	0	0	0	0	0	0	0	
Expiry: 0	0	0	0	0	0	0	0	
Fitness: 3.1618900899623674

-----------------------------------------------------------------------
d: 148
12383.021522070654
	A+	A-	B+	B-	AB+	AB-	O+	O-
Demand: 52	8	19	3	5	2	63	11	
Supply: 357	9	140	4	34	18	69	12	
Import: 0	0	0	0	0	0	0	0	
Expiry: 0	0	0	0	0	0	0	0	
Fitness: 3.234482660775353

-----------------------------------------------------------------------
d: 149
12456.827698507508
	A+	A-	B+	B-	AB+	AB-	O+	O-
Demand: 37	6	14	2	3	1	45	8	
Supply: 334	309	132	123	32	17	340	311	
Import: 0	0	0	0	0	0	0	0	
Expiry: 0	0	0	0	0	0	0	0	
Fitness: 3.328367415238361

-----------------------------------------------------------------------
d: 150
12550.172852374804
	A+	A-	B+	B-	AB+	AB-	O+	O-
Demand: 47	7	18	3	4	1	57	10	
Supply: 305	298	121	118	30	16	306	299	
Import: 0	0	0	0	0	0	0	0	
Expiry: 0	0	0	0	0	0	0	0	
Fitness: 3.266697517723539

-----------------------------------------------------------------------
d: 151
12652.882370267742
	A+	A-	B+	B-	AB+	AB-	O+	O-
Demand: 51	8	19	3	5	2	63	11	
Supply: 303	265	120	106	30	16	313	268	
Import: 0	0	0	0	0	0	0	0	
Expiry: 0	0	0	0	0	0	0	0	
Fitness: 3.2371412437676077

-----------------------------------------------------------------------
d: 152
12743.640270000795
	A+	A-	B+	B-	AB+	AB-	O+	O-
Demand: 45	7	17	3	4	1	55	10	
Supply: 302	8	120	3	30	16	61	11	
Import: 0	0	0	0	0	0	0	0	
Expiry: 0	0	0	0	0	0	0	0	
Fitness: 3.2748635385847398

-----------------------------------------------------------------------
d: 153
12888.843741059836
	A+	A-	B+	B-	AB+	AB-	O+	O-
Demand: 73	11	27	5	7	2	88	16	
Supply: 325	268	129	107	32	17	340	272	
Import: 0	0	0	0	0	0	0	0	
Expiry: 0	0	0	0	0	0	0	0	
Fitness: 3.103019704087093

-----------------------------------------------------------------------
d: 154
12958.665489209305
	A+	A-	B+	B-	AB+	AB-	O+	O-
Demand: 35	5	13	2	3	1	43	8	
Supply: 297	7	119	3	29	16	55	10	
Import: 0	0	0	0	0	0	0	0	
Expiry: 0	0	0	0	0	0	0	0	
Fitness: 3.3409432670204224

-----------------------------------------------------------------------
d: 155
13095.200881858933
	A+	A-	B+	B-	AB+	AB-	O+	O-
Demand: 68	11	26	4	6	2	83	15	
Supply: 340	12	135	5	33	17	95	17	
Import: 0	0	0	0	0	0	0	0	
Expiry: 0	0	0	0	0	0	0	0	
Fitness: 3.1303783265668033

-----------------------------------------------------------------------
d: 156
13207.35536097265
	A+	A-	B+	B-	AB+	AB-	O+	O-
Demand: 56	9	21	4	5	2	68	12	
Supply: 288	275	115	110	29	16	292	276	
Import: 0	0	0	0	0	0	0	0	
Expiry: 0	0	0	0	0	0	0	0	
Fitness: 3.207330584914516

-----------------------------------------------------------------------
d: 157
13330.38342857568
	A+	A-	B+	B-	AB+	AB-	O+	O-
Demand: 62	10	23	4	6	2	75	13	
Supply: 255	236	102	95	26	15	260	237	
Import: 0	0	0	0	0	0	0	0	
Expiry: 0	0	0	0	0	0	0	0	
Fitness: 3.173010821245124

-----------------------------------------------------------------------
d: 158
13422.888926530572
	A+	A-	B+	B-	AB+	AB-	O+	O-
Demand: 46	7	17	3	4	1	56	10	
Supply: 207	195	84	80	21	13	210	196	
Import: 0	0	0	0	0	0	0	0	
Expiry: 0	0	0	0	0	0	0	0	
Fitness: 3.2693476816970652

-----------------------------------------------------------------------
d: 159
13549.15079778751
	A+	A-	B+	B-	AB+	AB-	O+	O-
Demand: 63	10	24	4	6	2	77	14	
Supply: 170	162	70	68	18	12	172	163	
Import: 0	0	0	0	0	0	0	0	
Expiry: 0	0	0	0	0	0	0	0	
Fitness: 3.1628041284624717

-----------------------------------------------------------------------
d: 160
13698.448417718626
	A+	A-	B+	B-	AB+	AB-	O+	O-
Demand: 75	12	28	5	7	2	91	16	
Supply: 119	109	50	47	13	10	121	110	
Import: 0	0	0	0	0	0	0	0	
Expiry: 0	0	0	0	0	0	0	0	
Fitness: 3.090097546709605

-----------------------------------------------------------------------
d: 161
13735.032146175365
	A+	A-	B+	B-	AB+	AB-	O+	O-
Demand: 18	3	7	1	2	1	22	4	
Supply: 75	5	33	2	9	9	37	7	
Import: 0	0	0	0	0	0	0	0	
Expiry: 0	0	0	0	0	0	0	0	
Fitness: 3.445850766675604

-----------------------------------------------------------------------
d: 162
13869.402249829216
	A+	A-	B+	B-	AB+	AB-	O+	O-
Demand: 67	10	25	4	6	2	82	15	
Supply: 128	11	53	30	14	10	86	15	
Import: 0	0	0	0	0	0	0	0	
Expiry: 0	0	0	0	0	0	0	0	
Fitness: 3.1372125199597174

-----------------------------------------------------------------------
d: 163
14016.093268496801
	A+	A-	B+	B-	AB+	AB-	O+	O-
Demand: 73	11	28	5	7	2	89	16	
Supply: 122	71	51	32	14	10	136	74	
Import: 0	0	0	0	0	0	0	0	
Expiry: 0	0	0	0	0	0	0	0	
Fitness: 3.098324631947624

-----------------------------------------------------------------------
d: 164
14124.115328096743
	A+	A-	B+	B-	AB+	AB-	O+	O-
Demand: 54	8	20	3	5	2	66	12	
Supply: 121	11	50	5	14	10	88	16	
Import: 0	0	0	0	0	0	0	0	
Expiry: 0	0	0	0	0	0	0	0	
Fitness: 3.220373534004874

-----------------------------------------------------------------------
d: 165
14215.049647455844
	A+	A-	B+	B-	AB+	AB-	O+	O-
Demand: 45	7	17	3	4	1	55	10	
Supply: 115	74	48	3	13	9	58	10	
Import: 0	0	0	0	0	0	0	0	
Expiry: 0	0	0	0	0	0	0	0	
Fitness: 3.2743067141400206

-----------------------------------------------------------------------
d: 166
14236.656031672841
	A+	A-	B+	B-	AB+	AB-	O+	O-
Demand: 11	2	4	1	1	0	13	2	
Supply: 133	10	54	4	15	10	76	14	
Import: 0	0	0	0	0	0	0	0	
Expiry: 0	0	0	0	0	0	0	0	
Fitness: 3.4931230094322956

-----------------------------------------------------------------------
d: 167
14314.822289532365
	A+	A-	B+	B-	AB+	AB-	O+	O-
Demand: 39	6	15	2	4	1	48	9	
Supply: 172	8	69	3	19	12	61	11	
Import: 0	0	0	0	0	0	0	0	
Expiry: 0	0	0	0	0	0	0	0	
Fitness: 3.314605908248062

-----------------------------------------------------------------------
d: 168
14437.33477993179
	A+	A-	B+	B-	AB+	AB-	O+	O-
Demand: 61	10	23	4	6	2	75	13	
Supply: 149	136	60	55	17	12	153	137	
Import: 0	0	0	0	0	0	0	0	
Expiry: 0	0	0	0	0	0	0	0	
Fitness: 3.174638111793995

-----------------------------------------------------------------------
d: 169
14591.646162830346
	A+	A-	B+	B-	AB+	AB-	O+	O-
Demand: 77	12	29	5	7	2	94	17	
Supply: 97	89	40	38	12	10	99	90	
Import: 0	0	0	0	0	0	0	0	
Expiry: 0	0	0	0	0	0	0	0	
Fitness: 3.0742728573436233

-----------------------------------------------------------------------
d: 170
14637.195976949983
	A+	A-	B+	B-	AB+	AB-	O+	O-
Demand: 23	4	9	1	2	1	28	5	
Supply: 56	6	25	2	8	9	44	8	
Import: 0	0	0	0	0	0	0	0	
Expiry: 0	0	0	0	0	0	0	0	
Fitness: 3.417551558802079

-----------------------------------------------------------------------
d: 171
14647.338546753681
	A+	A-	B+	B-	AB+	AB-	O+	O-
Demand: 5	1	2	0	0	0	6	1	
Supply: 66	5	29	2	9	9	41	7	
Import: 0	0	0	0	0	0	0	0	
Expiry: 0	0	0	0	0	0	0	0	
Fitness: 3.5293056736742687

-----------------------------------------------------------------------
d: 172
14700.60650698139
	A+	A-	B+	B-	AB+	AB-	O+	O-
Demand: 27	4	10	2	2	1	32	6	
Supply: 109	7	45	3	13	10	58	10	
Import: 0	0	0	0	0	0	0	0	
Expiry: 0	0	0	0	0	0	0	0	
Fitness: 3.393191160148475

-----------------------------------------------------------------------
d: 173
14782.36322668303
	A+	A-	B+	B-	AB+	AB-	O+	O-
Demand: 41	6	15	3	4	1	50	9	
Supply: 135	8	55	3	16	11	65	12	
Import: 0	0	0	0	0	0	0	0	
Expiry: 0	0	0	0	0	0	0	0	
Fitness: 3.3032735130588846

-----------------------------------------------------------------------
d: 174
14851.714778034451
	A+	A-	B+	B-	AB+	AB-	O+	O-
Demand: 35	5	13	2	3	1	42	8	
Supply: 144	8	59	3	17	12	61	11	
Import: 0	0	0	0	0	0	0	0	
Expiry: 0	0	0	0	0	0	0	0	
Fitness: 3.342427325664263

-----------------------------------------------------------------------
d: 175
14881.205209053145
	A+	A-	B+	B-	AB+	AB-	O+	O-
Demand: 15	2	6	1	1	0	18	3	
Supply: 157	7	64	3	18	12	58	10	
Import: 0	0	0	0	0	0	0	0	
Expiry: 0	0	0	0	0	0	0	0	
Fitness: 3.4682389867144385

-----------------------------------------------------------------------
d: 176
14988.012254311916
	A+	A-	B+	B-	AB+	AB-	O+	O-
Demand: 53	8	20	3	5	2	65	12	
Supply: 196	9	78	61	22	14	66	12	
Import: 0	0	0	0	0	0	0	0	
Expiry: 0	0	0	0	0	0	0	0	
Fitness: 3.224208423019195

-----------------------------------------------------------------------
d: 177
15110.04546752768
	A+	A-	B+	B-	AB+	AB-	O+	O-
Demand: 61	10	23	4	6	2	74	13	
Supply: 192	151	76	61	22	14	203	154	
Import: 0	0	0	0	0	0	0	0	
Expiry: 0	0	0	0	0	0	0	0	
Fitness: 3.176150830404937

-----------------------------------------------------------------------
d: 178
15185.83805845339
	A+	A-	B+	B-	AB+	AB-	O+	O-
Demand: 38	6	14	2	4	1	46	8	
Supply: 167	6	66	55	19	13	175	139	
Import: 0	0	0	0	0	0	0	0	
Expiry: 0	0	0	0	0	0	0	0	
Fitness: 3.3220977945079198

-----------------------------------------------------------------------
d: 179
15188.801655306592
	A+	A-	B+	B-	AB+	AB-	O+	O-
Demand: 1	0	1	0	0	0	2	0	
Supply: 139	2	56	1	16	12	12	2	
Import: 0	0	0	0	0	0	0	0	
Expiry: 0	0	0	0	0	0	0	0	
Fitness: 3.551964307049266

-----------------------------------------------------------------------
d: 180
15305.658289881789
	A+	A-	B+	B-	AB+	AB-	O+	O-
Demand: 58	9	22	4	5	2	71	13	
Supply: 150	140	60	56	17	12	153	141	
Import: 0	0	0	0	0	0	0	0	
Expiry: 0	0	0	0	0	0	0	0	
Fitness: 3.1924894067392215

-----------------------------------------------------------------------
d: 181
15394.326764595911
	A+	A-	B+	B-	AB+	AB-	O+	O-
Demand: 44	7	17	3	4	1	54	10	
Supply: 107	94	43	39	13	10	110	95	
Import: 0	0	0	0	0	0	0	0	
Expiry: 0	0	0	0	0	0	0	0	
Fitness: 3.281458286300738

-----------------------------------------------------------------------
d: 182
15439.086189951935
	A+	A-	B+	B-	AB+	AB-	O+	O-
Demand: 22	3	8	1	2	1	27	5	
Supply: 119	9	47	4	14	11	68	12	
Import: 0	0	0	0	0	0	0	0	
Expiry: 0	0	0	0	0	0	0	0	
Fitness: 3.4200462233372426

-----------------------------------------------------------------------
d: 183
15506.927527991933
	A+	A-	B+	B-	AB+	AB-	O+	O-
Demand: 34	5	13	2	3	1	41	7	
Supply: 143	7	56	3	16	11	56	10	
Import: 0	0	0	0	0	0	0	0	
Expiry: 0	0	0	0	0	0	0	0	
Fitness: 3.3471939364284493

-----------------------------------------------------------------------
d: 184
15533.92839624006
	A+	A-	B+	B-	AB+	AB-	O+	O-
Demand: 14	2	5	1	1	0	16	3	
Supply: 140	5	55	2	16	11	38	7	
Import: 0	0	0	0	0	0	0	0	
Expiry: 0	0	0	0	0	0	0	0	
Fitness: 3.4760966692090385

-----------------------------------------------------------------------
d: 185
15638.577925635282
	A+	A-	B+	B-	AB+	AB-	O+	O-
Demand: 52	8	20	3	5	2	64	11	
Supply: 183	9	71	4	20	13	70	13	
Import: 0	0	0	0	0	0	0	0	
Expiry: 0	0	0	0	0	0	0	0	
Fitness: 3.231018082463524

-----------------------------------------------------------------------
d: 186
15702.071540321444
	A+	A-	B+	B-	AB+	AB-	O+	O-
Demand: 32	5	12	2	3	1	39	7	
Supply: 151	134	58	52	17	12	155	135	
Import: 0	0	0	0	0	0	0	0	
Expiry: 0	0	0	0	0	0	0	0	
Fitness: 3.3609164382639882

-----------------------------------------------------------------------
d: 187
15728.274276945818
	A+	A-	B+	B-	AB+	AB-	O+	O-
Demand: 13	2	5	1	1	0	16	3	
Supply: 132	121	51	1	15	11	134	3	
Import: 0	0	0	0	0	0	0	0	
Expiry: 0	0	0	0	0	0	0	0	
Fitness: 3.4786157721465054

-----------------------------------------------------------------------
d: 188
15738.43611276453
	A+	A-	B+	B-	AB+	AB-	O+	O-
Demand: 5	1	2	0	0	0	6	1	
Supply: 187	11	71	4	20	13	83	15	
Import: 0	0	0	0	0	0	0	0	
Expiry: 0	0	0	0	0	0	0	0	
Fitness: 3.529244865314383

-----------------------------------------------------------------------
d: 189
15800.90818200736
	A+	A-	B+	B-	AB+	AB-	O+	O-
Demand: 31	5	12	2	3	1	38	7	
Supply: 236	8	89	3	25	15	66	12	
Import: 0	0	0	0	0	0	0	0	
Expiry: 0	0	0	0	0	0	0	0	
Fitness: 3.3641406910695024

-----------------------------------------------------------------------
d: 190
15811.674472846293
	A+	A-	B+	B-	AB+	AB-	O+	O-
Demand: 5	1	2	0	1	0	7	1	
Supply: 264	9	99	4	28	16	72	13	
Import: 0	0	0	0	0	0	0	0	
Expiry: 0	0	0	0	0	0	0	0	
Fitness: 3.52733705415681

-----------------------------------------------------------------------
d: 191
15863.506433957062
	A+	A-	B+	B-	AB+	AB-	O+	O-
Demand: 26	4	10	2	2	1	32	6	
Supply: 283	263	106	98	29	17	288	264	
Import: 0	0	0	0	0	0	0	0	
Expiry: 0	0	0	0	0	0	0	0	
Fitness: 3.397723532361326

-----------------------------------------------------------------------
d: 192
16016.057480960311
	A+	A-	B+	B-	AB+	AB-	O+	O-
Demand: 76	12	29	5	7	2	93	17	
Supply: 264	258	98	96	28	16	265	258	
Import: 0	0	0	0	0	0	0	0	
Expiry: 0	0	0	0	0	0	0	0	
Fitness: 3.079828917513185

-----------------------------------------------------------------------
d: 193
16032.568005925112
	A+	A-	B+	B-	AB+	AB-	O+	O-
Demand: 8	1	3	1	1	0	10	2	
Supply: 207	3	76	1	23	15	24	4	
Import: 0	0	0	0	0	0	0	0	
Expiry: 0	0	0	0	0	0	0	0	
Fitness: 3.50920681519703

-----------------------------------------------------------------------
d: 194
16085.495285718427
	A+	A-	B+	B-	AB+	AB-	O+	O-
Demand: 26	4	10	2	2	1	32	6	
Supply: 244	7	90	3	26	16	54	10	
Import: 0	0	0	0	0	0	0	0	
Expiry: 0	0	0	0	0	0	0	0	
Fitness: 3.394266432769538

-----------------------------------------------------------------------
d: 195
16240.446351899589
	A+	A-	B+	B-	AB+	AB-	O+	O-
Demand: 77	12	29	5	7	2	94	17	
Supply: 251	223	92	82	27	16	258	225	
Import: 0	0	0	0	0	0	0	0	
Expiry: 0	0	0	0	0	0	0	0	
Fitness: 3.072253856982895

-----------------------------------------------------------------------
d: 196
16321.061352640254
	A+	A-	B+	B-	AB+	AB-	O+	O-
Demand: 40	6	15	3	4	1	49	9	
Supply: 239	10	87	4	26	16	79	14	
Import: 0	0	0	0	0	0	0	0	
Expiry: 0	0	0	0	0	0	0	0	
Fitness: 3.30687706352946

-----------------------------------------------------------------------
d: 197
16460.819546167637
	A+	A-	B+	B-	AB+	AB-	O+	O-
Demand: 70	11	26	4	7	2	85	15	
Supply: 272	11	100	5	29	17	89	16	
Import: 0	0	0	0	0	0	0	0	
Expiry: 0	0	0	0	0	0	0	0	
Fitness: 3.1202063612963853

-----------------------------------------------------------------------
d: 198
16529.22225799648
	A+	A-	B+	B-	AB+	AB-	O+	O-
Demand: 34	5	13	2	3	1	42	7	
Supply: 247	7	91	3	26	16	55	10	
Import: 0	0	0	0	0	0	0	0	
Expiry: 0	0	0	0	0	0	0	0	
Fitness: 3.345422100407396

-----------------------------------------------------------------------
d: 199
16625.208376980183
	A+	A-	B+	B-	AB+	AB-	O+	O-
Demand: 48	7	18	3	4	1	58	10	
Supply: 227	215	83	79	24	15	230	216	
Import: 0	0	0	0	0	0	0	0	
Expiry: 0	0	0	0	0	0	0	0	
Fitness: 3.2583619715748764

-----------------------------------------------------------------------
d: 200
16663.34168886549
	A+	A-	B+	B-	AB+	AB-	O+	O-
Demand: 19	3	7	1	2	1	23	4	
Supply: 187	180	68	66	21	14	189	181	
Import: 0	0	0	0	0	0	0	0	
Expiry: 0	0	0	0	0	0	0	0	
Fitness: 3.4409598939791928

-----------------------------------------------------------------------
d: 201
16729.768419126478
	A+	A-	B+	B-	AB+	AB-	O+	O-
Demand: 33	5	12	2	3	1	40	7	
Supply: 243	12	89	5	26	15	92	16	
Import: 0	0	0	0	0	0	0	0	
Expiry: 0	0	0	0	0	0	0	0	
Fitness: 3.351658792230934

-----------------------------------------------------------------------
d: 202
16879.331273341937
	A+	A-	B+	B-	AB+	AB-	O+	O-
Demand: 75	12	28	5	7	2	91	16	
Supply: 227	213	84	78	25	15	231	214	
Import: 0	0	0	0	0	0	0	0	
Expiry: 0	0	0	0	0	0	0	0	
Fitness: 3.089260400999633

-----------------------------------------------------------------------
d: 203
16997.285525417457
	A+	A-	B+	B-	AB+	AB-	O+	O-
Demand: 59	9	22	4	6	2	72	13	
Supply: 219	10	81	4	24	15	82	15	
Import: 0	0	0	0	0	0	0	0	
Expiry: 0	0	0	0	0	0	0	0	
Fitness: 3.189025051503823

-----------------------------------------------------------------------
d: 204
17105.636326851127
	A+	A-	B+	B-	AB+	AB-	O+	O-
Demand: 54	8	20	3	5	2	66	12	
Supply: 226	10	84	4	24	15	81	14	
Import: 0	0	0	0	0	0	0	0	
Expiry: 0	0	0	0	0	0	0	0	
Fitness: 3.2193359425921573

-----------------------------------------------------------------------
d: 205
17109.78357539283
	A+	A-	B+	B-	AB+	AB-	O+	O-
Demand: 2	0	1	0	0	0	3	0	
Supply: 185	2	69	1	20	13	15	3	
Import: 0	0	0	0	0	0	0	0	
Expiry: 0	0	0	0	0	0	0	0	
Fitness: 3.5482284064074254

-----------------------------------------------------------------------
d: 206
17116.902665784037
	A+	A-	B+	B-	AB+	AB-	O+	O-
Demand: 4	1	1	0	0	0	4	1	
Supply: 248	10	93	4	26	15	80	14	
Import: 0	0	0	0	0	0	0	0	
Expiry: 0	0	0	0	0	0	0	0	
Fitness: 3.5388485305699398

-----------------------------------------------------------------------
d: 207
17227.202291015565
	A+	A-	B+	B-	AB+	AB-	O+	O-
Demand: 55	9	21	3	5	2	67	12	
Supply: 315	11	118	4	33	17	86	15	
Import: 0	0	0	0	0	0	0	0	
Expiry: 0	0	0	0	0	0	0	0	
Fitness: 3.2131849674801813

-----------------------------------------------------------------------
d: 208
17266.753760445077
	A+	A-	B+	B-	AB+	AB-	O+	O-
Demand: 20	3	7	1	2	1	24	4	
Supply: 288	4	108	2	31	16	34	6	
Import: 0	0	0	0	0	0	0	0	
Expiry: 0	0	0	0	0	0	0	0	
Fitness: 3.4364838342302804

-----------------------------------------------------------------------
d: 209
17358.901589903682
	A+	A-	B+	B-	AB+	AB-	O+	O-
Demand: 46	7	17	3	4	1	56	10	
Supply: 324	9	122	3	34	17	68	12	
Import: 0	0	0	0	0	0	0	0	
Expiry: 0	0	0	0	0	0	0	0	
Fitness: 3.2704765728884744

-----------------------------------------------------------------------
d: 210
17368.811229036706
	A+	A-	B+	B-	AB+	AB-	O+	O-
Demand: 5	1	2	0	0	0	6	1	
Supply: 297	3	112	1	32	17	24	4	
Import: 0	0	0	0	0	0	0	0	
Expiry: 0	0	0	0	0	0	0	0	
Fitness: 3.5300408611035836

-----------------------------------------------------------------------
d: 211
17476.212266575058
	A+	A-	B+	B-	AB+	AB-	O+	O-
Demand: 54	8	20	3	5	2	65	12	
Supply: 307	294	116	111	33	17	310	295	
Import: 0	0	0	0	0	0	0	0	
Expiry: 0	0	0	0	0	0	0	0	
Fitness: 3.2243336348867726

-----------------------------------------------------------------------
d: 212
17615.578998798934
	A+	A-	B+	B-	AB+	AB-	O+	O-
Demand: 70	11	26	4	7	2	85	15	
Supply: 262	254	99	97	29	15	264	255	
Import: 0	0	0	0	0	0	0	0	
Expiry: 0	0	0	0	0	0	0	0	
Fitness: 3.123441911035575

-----------------------------------------------------------------------
d: 213
17655.36716001002
	A+	A-	B+	B-	AB+	AB-	O+	O-
Demand: 20	3	7	1	2	1	24	4	
Supply: 225	5	85	2	25	14	40	7	
Import: 0	0	0	0	0	0	0	0	
Expiry: 0	0	0	0	0	0	0	0	
Fitness: 3.437736775794691

-----------------------------------------------------------------------
d: 214
17672.931073216867
	A+	A-	B+	B-	AB+	AB-	O+	O-
Demand: 9	1	3	1	1	0	11	2	
Supply: 255	8	97	3	28	15	61	11	
Import: 0	0	0	0	0	0	0	0	
Expiry: 0	0	0	0	0	0	0	0	
Fitness: 3.507882058558072

-----------------------------------------------------------------------
d: 215
17825.506469768145
	A+	A-	B+	B-	AB+	AB-	O+	O-
Demand: 76	12	29	5	7	2	93	17	
Supply: 251	247	96	94	27	15	251	247	
Import: 0	0	0	0	0	0	0	0	
Expiry: 0	0	0	0	0	0	0	0	
Fitness: 3.081752064252221

-----------------------------------------------------------------------
d: 216
17893.635663847563
	A+	A-	B+	B-	AB+	AB-	O+	O-
Demand: 34	5	13	2	3	1	42	7	
Supply: 228	8	87	3	25	15	64	12	
Import: 0	0	0	0	0	0	0	0	
Expiry: 0	0	0	0	0	0	0	0	
Fitness: 3.348285390804022

-----------------------------------------------------------------------
d: 217
17962.74803357968
	A+	A-	B+	B-	AB+	AB-	O+	O-
Demand: 35	5	13	2	3	1	42	8	
Supply: 197	194	75	74	22	14	198	195	
Import: 0	0	0	0	0	0	0	0	
Expiry: 0	0	0	0	0	0	0	0	
Fitness: 3.345182242650196

-----------------------------------------------------------------------
d: 218
17967.651358452822
	A+	A-	B+	B-	AB+	AB-	O+	O-
Demand: 2	0	1	0	0	0	3	1	
Supply: 201	6	77	2	23	14	48	9	
Import: 0	0	0	0	0	0	0	0	
Expiry: 0	0	0	0	0	0	0	0	
Fitness: 3.5478420404863242

-----------------------------------------------------------------------
d: 219
18083.1251434957
	A+	A-	B+	B-	AB+	AB-	O+	O-
Demand: 58	9	22	4	5	2	70	13	
Supply: 200	199	77	76	23	14	201	199	
Import: 0	0	0	0	0	0	0	0	
Expiry: 0	0	0	0	0	0	0	0	
Fitness: 3.1988540255756033

-----------------------------------------------------------------------
d: 220
18140.626477773956
	A+	A-	B+	B-	AB+	AB-	O+	O-
Demand: 29	4	11	2	3	1	35	6	
Supply: 202	9	77	4	24	14	73	13	
Import: 0	0	0	0	0	0	0	0	
Expiry: 0	0	0	0	0	0	0	0	
Fitness: 3.3818295733014376

-----------------------------------------------------------------------
d: 221
18152.551035005577
	A+	A-	B+	B-	AB+	AB-	O+	O-
Demand: 6	1	2	0	1	0	7	1	
Supply: 207	5	79	2	24	14	41	7	
Import: 0	0	0	0	0	0	0	0	
Expiry: 0	0	0	0	0	0	0	0	
Fitness: 3.5256812758548746

-----------------------------------------------------------------------
d: 222
18217.837215725165
	A+	A-	B+	B-	AB+	AB-	O+	O-
Demand: 33	5	12	2	3	1	40	7	
Supply: 228	205	87	79	26	15	234	207	
Import: 0	0	0	0	0	0	0	0	
Expiry: 0	0	0	0	0	0	0	0	
Fitness: 3.3572586517209855

-----------------------------------------------------------------------
d: 223
18363.37779836823
	A+	A-	B+	B-	AB+	AB-	O+	O-
Demand: 73	11	27	5	7	2	89	16	
Supply: 269	12	103	5	30	16	91	16	
Import: 0	0	0	0	0	0	0	0	
Expiry: 0	0	0	0	0	0	0	0	
Fitness: 3.103955695650007

-----------------------------------------------------------------------
d: 224
18491.064273833617
	A+	A-	B+	B-	AB+	AB-	O+	O-
Demand: 64	10	24	4	6	2	78	14	
Supply: 225	200	87	78	26	15	231	202	
Import: 0	0	0	0	0	0	0	0	
Expiry: 0	0	0	0	0	0	0	0	
Fitness: 3.160307721429551

-----------------------------------------------------------------------
d: 225
18571.081024704683
	A+	A-	B+	B-	AB+	AB-	O+	O-
Demand: 40	6	15	3	4	1	49	9	
Supply: 233	11	90	5	27	15	88	16	
Import: 0	0	0	0	0	0	0	0	
Expiry: 0	0	0	0	0	0	0	0	
Fitness: 3.3107652896803863

-----------------------------------------------------------------------
d: 226
18582.275678259386
	A+	A-	B+	B-	AB+	AB-	O+	O-
Demand: 6	1	2	0	1	0	7	1	
Supply: 269	12	104	5	30	16	93	17	
Import: 0	0	0	0	0	0	0	0	
Expiry: 0	0	0	0	0	0	0	0	
Fitness: 3.527985034335166

-----------------------------------------------------------------------
d: 227
18672.458343499253
	A+	A-	B+	B-	AB+	AB-	O+	O-
Demand: 45	7	17	3	4	1	55	10	
Supply: 311	270	120	3	33	17	58	10	
Import: 0	0	0	0	0	0	0	0	
Expiry: 0	0	0	0	0	0	0	0	
Fitness: 3.278679122453851

-----------------------------------------------------------------------
d: 228
18828.92028819633
	A+	A-	B+	B-	AB+	AB-	O+	O-
Demand: 78	12	29	5	7	2	95	17	
Supply: 312	273	120	106	33	17	323	276	
Import: 0	0	0	0	0	0	0	0	
Expiry: 0	0	0	0	0	0	0	0	
Fitness: 3.069485146667046

-----------------------------------------------------------------------
d: 229
18837.83098266415
	A+	A-	B+	B-	AB+	AB-	O+	O-
Demand: 4	1	2	0	0	0	5	1	
Supply: 261	4	101	2	29	16	33	6	
Import: 0	0	0	0	0	0	0	0	
Expiry: 0	0	0	0	0	0	0	0	
Fitness: 3.5351937802031395

-----------------------------------------------------------------------
d: 230
18929.396615980368
	A+	A-	B+	B-	AB+	AB-	O+	O-
Demand: 46	7	17	3	4	1	56	10	
Supply: 328	11	125	4	36	18	86	15	
Import: 0	0	0	0	0	0	0	0	
Expiry: 0	0	0	0	0	0	0	0	
Fitness: 3.2743141294628786

-----------------------------------------------------------------------
d: 231
19084.940917073232
	A+	A-	B+	B-	AB+	AB-	O+	O-
Demand: 78	12	29	5	7	2	95	17	
Supply: 289	283	111	108	33	17	291	284	
Import: 0	0	0	0	0	0	0	0	
Expiry: 0	0	0	0	0	0	0	0	
Fitness: 3.0723814592928407

-----------------------------------------------------------------------
d: 232
19235.626899273506
	A+	A-	B+	B-	AB+	AB-	O+	O-
Demand: 75	12	28	5	7	2	92	16	
Supply: 284	222	109	5	33	17	300	227	
Import: 0	0	0	0	0	0	0	0	
Expiry: 0	0	0	0	0	0	0	0	
Fitness: 3.087715528297583

-----------------------------------------------------------------------
d: 233
19304.889094969272
	A+	A-	B+	B-	AB+	AB-	O+	O-
Demand: 35	5	13	2	3	1	42	8	
Supply: 279	11	107	4	33	17	85	15	
Import: 0	0	0	0	0	0	0	0	
Expiry: 0	0	0	0	0	0	0	0	
Fitness: 3.34470935445243

-----------------------------------------------------------------------
d: 234
19445.730796119213
	A+	A-	B+	B-	AB+	AB-	O+	O-
Demand: 70	11	26	4	7	2	86	15	
Supply: 313	255	120	98	36	18	328	259	
Import: 0	0	0	0	0	0	0	0	
Expiry: 0	0	0	0	0	0	0	0	
Fitness: 3.11878654036269

-----------------------------------------------------------------------
d: 235
19486.898475627968
	A+	A-	B+	B-	AB+	AB-	O+	O-
Demand: 21	3	8	1	2	1	25	5	
Supply: 319	12	123	5	36	18	93	17	
Import: 0	0	0	0	0	0	0	0	
Expiry: 0	0	0	0	0	0	0	0	
Fitness: 3.4333826711676716

-----------------------------------------------------------------------
d: 236
19605.344293017355
	A+	A-	B+	B-	AB+	AB-	O+	O-
Demand: 59	9	22	4	6	2	72	13	
Supply: 353	307	136	118	39	19	365	310	
Import: 0	0	0	0	0	0	0	0	
Expiry: 0	0	0	0	0	0	0	0	
Fitness: 3.1934735484819257

-----------------------------------------------------------------------
d: 237
19656.625293801888
	A+	A-	B+	B-	AB+	AB-	O+	O-
Demand: 26	4	10	2	2	1	31	6	
Supply: 316	298	122	115	35	18	321	299	
Import: 0	0	0	0	0	0	0	0	
Expiry: 0	0	0	0	0	0	0	0	
Fitness: 3.4054625008909944

-----------------------------------------------------------------------
d: 238
19667.008222345277
	A+	A-	B+	B-	AB+	AB-	O+	O-
Demand: 5	1	2	0	0	0	6	1	
Supply: 338	7	130	3	37	18	58	10	
Import: 0	0	0	0	0	0	0	0	
Expiry: 0	0	0	0	0	0	0	0	
Fitness: 3.5345470414021243

-----------------------------------------------------------------------
d: 239
19775.801672500864
	A+	A-	B+	B-	AB+	AB-	O+	O-
Demand: 54	8	20	3	5	2	66	12	
Supply: 393	9	151	4	43	20	73	13	
Import: 0	0	0	0	0	0	0	0	
Expiry: 0	0	0	0	0	0	0	0	
Fitness: 3.3555782891124935

-----------------------------------------------------------------------
d: 240
19914.845840401656
	A+	A-	B+	B-	AB+	AB-	O+	O-
Demand: 70	11	26	4	7	2	85	15	
Supply: 385	346	148	134	42	19	395	349	
Import: 0	0	0	0	0	0	0	0	
Expiry: 0	0	0	0	0	0	0	0	
Fitness: 3.369963950788011

-----------------------------------------------------------------------
d: 241
19964.85482857219
	A+	A-	B+	B-	AB+	AB-	O+	O-
Demand: 25	4	9	2	2	1	30	5	
Supply: 338	4	131	123	37	18	343	320	
Import: 0	0	0	0	0	0	0	0	
Expiry: 0	0	0	0	0	0	0	0	
Fitness: 3.6509812368116417

-----------------------------------------------------------------------
d: 242
19971.312158122848
	A+	A-	B+	B-	AB+	AB-	O+	O-
Demand: 3	1	1	0	0	0	4	1	
Supply: 343	5	133	2	38	18	37	7	
Import: 0	0	0	0	0	0	0	0	
Expiry: 0	0	0	0	0	0	0	0	
Fitness: 3.788441159330638

-----------------------------------------------------------------------
d: 243
20080.83019855532
	A+	A-	B+	B-	AB+	AB-	O+	O-
Demand: 55	9	21	3	5	2	67	12	
Supply: 365	344	142	134	40	19	371	346	
Import: 0	0	0	0	0	0	0	0	
Expiry: 0	0	0	0	0	0	0	0	
Fitness: 3.4675318358367426

-----------------------------------------------------------------------
d: 244
20201.49586916563
	A+	A-	B+	B-	AB+	AB-	O+	O-
Demand: 60	9	23	4	6	2	74	13	
Supply: 318	311	124	122	36	17	320	312	
Import: 0	0	0	0	0	0	0	0	
Expiry: 0	0	0	0	0	0	0	0	
Fitness: 3.432347128087954

-----------------------------------------------------------------------
d: 245
20353.548799472235
	A+	A-	B+	B-	AB+	AB-	O+	O-
Demand: 76	12	29	5	7	2	93	17	
Supply: 302	265	117	104	34	16	311	268	
Import: 0	0	0	0	0	0	0	0	
Expiry: 0	0	0	0	0	0	0	0	
Fitness: 3.3332810896715124

-----------------------------------------------------------------------
d: 246
20418.69036831746
	A+	A-	B+	B-	AB+	AB-	O+	O-
Demand: 33	5	12	2	3	1	40	7	
Supply: 235	227	91	89	28	14	237	228	
Import: 0	0	0	0	0	0	0	0	
Expiry: 0	0	0	0	0	0	0	0	
Fitness: 3.6075950742840024

-----------------------------------------------------------------------
d: 247
20574.560853891424
	A+	A-	B+	B-	AB+	AB-	O+	O-
Demand: 78	12	29	5	7	2	95	17	
Supply: 216	204	84	80	26	13	220	205	
Import: 0	0	0	0	0	0	0	0	
Expiry: 0	0	0	0	0	0	0	0	
Fitness: 3.32123193085892

-----------------------------------------------------------------------
d: 248
20717.61371524026
	A+	A-	B+	B-	AB+	AB-	O+	O-
Demand: 72	11	27	4	7	2	87	16	
Supply: 164	142	65	57	21	12	170	144	
Import: 0	0	0	0	0	0	0	0	
Expiry: 0	0	0	0	0	0	0	0	
Fitness: 3.3616875573194775

-----------------------------------------------------------------------
d: 249
20797.60601608127
	A+	A-	B+	B-	AB+	AB-	O+	O-
Demand: 40	6	15	2	4	1	49	9	
Supply: 105	94	43	39	15	10	108	95	
Import: 0	0	0	0	0	0	0	0	
Expiry: 0	0	0	0	0	0	0	0	
Fitness: 3.5607224514222953

-----------------------------------------------------------------------
d: 250
20830.43029035847
	A+	A-	B+	B-	AB+	AB-	O+	O-
Demand: 16	3	6	1	2	1	20	4	
Supply: 67	65	29	28	11	9	68	66	
Import: 0	0	0	0	0	0	0	0	
Expiry: 0	0	0	0	0	0	0	0	
Fitness: 3.709596535264338

-----------------------------------------------------------------------
d: 251
20863.646423808532
	A+	A-	B+	B-	AB+	AB-	O+	O-
Demand: 17	3	6	1	2	1	20	4	
Supply: 80	5	34	2	12	9	35	6	
Import: 0	0	0	0	0	0	0	0	
Expiry: 0	0	0	0	0	0	0	0	
Fitness: 3.7083597297499673

-----------------------------------------------------------------------
d: 252
21009.613067770464
	A+	A-	B+	B-	AB+	AB-	O+	O-
Demand: 73	11	27	5	7	2	89	16	
Supply: 78	64	30	28	10	8	97	64	
Import: 0	0	0	0	0	0	0	0	
Expiry: 0	0	0	0	0	0	0	0	
Fitness: 3.3524909309468804

-----------------------------------------------------------------------
d: 253
21147.266742717096
	A+	A-	B+	B-	AB+	AB-	O+	O-
Demand: 69	11	26	4	6	2	84	15	
Supply: 96	11	42	6	7	7	120	17	
Import: 0	0	0	0	0	0	0	0	
Expiry: 0	0	0	0	0	0	0	0	
Fitness: 3.378728739401422

-----------------------------------------------------------------------
d: 254
21306.03543242289
	A+	A-	B+	B-	AB+	AB-	O+	O-
Demand: 79	12	30	5	7	2	97	17	
Supply: 101	31	53	18	3	6	145	32	
Import: 0	0	0	0	4	0	0	0	
Expiry: 0	0	0	0	0	0	0	0	
Fitness: 3.312084474067833

-----------------------------------------------------------------------
d: 255
21345.986941127172
	A+	A-	B+	B-	AB+	AB-	O+	O-
Demand: 20	3	7	1	2	1	24	4	
Supply: 35	24	28	24	1	4	38	25	
Import: 0	0	0	0	1	0	0	0	
Expiry: 0	0	0	0	0	0	0	0	
Fitness: 3.6871012016038565

-----------------------------------------------------------------------
d: 256
21403.065461171347
	A+	A-	B+	B-	AB+	AB-	O+	O-
Demand: 29	4	11	2	3	1	35	6	
Supply: 59	7	37	3	4	4	53	10	
Import: 0	0	0	0	0	0	0	0	
Expiry: 0	0	0	0	0	0	0	0	
Fitness: 3.6330440720623054

-----------------------------------------------------------------------
d: 257
21522.744659560318
	A+	A-	B+	B-	AB+	AB-	O+	O-
Demand: 60	9	22	4	6	2	73	13	
Supply: 67	30	27	26	1	3	120	30	
Import: 0	0	0	0	5	0	0	0	
Expiry: 0	0	0	0	0	0	0	0	
Fitness: 3.435460681036557

-----------------------------------------------------------------------
d: 258
21664.82811712857
	A+	A-	B+	B-	AB+	AB-	O+	O-
Demand: 71	11	27	4	7	2	87	16	
Supply: 46	20	22	6	1	2	61	31	
Import: 25	0	5	0	6	0	26	0	
Expiry: 0	0	0	0	0	0	0	0	
Fitness: 3.364747238001948

-----------------------------------------------------------------------
d: 259
21729.869774666848
	A+	A-	B+	B-	AB+	AB-	O+	O-
Demand: 33	5	12	2	3	1	40	7	
Supply: 60	9	22	4	6	2	73	13	
Import: 0	0	0	0	0	0	0	0	
Expiry: 0	0	0	0	0	0	0	0	
Fitness: 3.607910419346548

-----------------------------------------------------------------------
d: 260
21744.55334096554
	A+	A-	B+	B-	AB+	AB-	O+	O-
Demand: 7	1	3	0	1	0	9	2	
Supply: 29	27	11	10	3	1	29	27	
Import: 0	0	0	0	0	0	0	0	
Expiry: 0	0	0	0	0	0	0	0	
Fitness: 3.766853144821499

-----------------------------------------------------------------------
d: 261
21822.673713962336
	A+	A-	B+	B-	AB+	AB-	O+	O-
Demand: 39	6	15	2	4	1	48	9	
Supply: 40	24	16	9	3	3	49	25	
Import: 0	0	0	0	1	0	0	0	
Expiry: 0	0	0	0	0	0	0	0	
Fitness: 3.566630723680609

-----------------------------------------------------------------------
d: 262
21977.173781429585
	A+	A-	B+	B-	AB+	AB-	O+	O-
Demand: 77	12	29	5	7	2	94	17	
Supply: 142	12	56	6	7	4	176	18	
Import: 0	0	0	0	0	0	0	0	
Expiry: 0	0	0	0	0	0	0	0	
Fitness: 3.3255573130082303

-----------------------------------------------------------------------
d: 263
21987.599792429348
	A+	A-	B+	B-	AB+	AB-	O+	O-
Demand: 5	1	2	0	0	0	6	1	
Supply: 94	5	38	2	3	3	35	6	
Import: 0	0	0	0	0	0	0	0	
Expiry: 0	0	0	0	0	0	0	0	
Fitness: 3.7802910537337446

-----------------------------------------------------------------------
d: 264
22093.706922666046
	A+	A-	B+	B-	AB+	AB-	O+	O-
Demand: 53	8	20	3	5	2	65	12	
Supply: 165	12	64	5	10	5	92	17	
Import: 0	0	0	0	0	0	0	0	
Expiry: 0	0	0	0	0	0	0	0	
Fitness: 3.4782975211421654

-----------------------------------------------------------------------
d: 265
22252.982249824192
	A+	A-	B+	B-	AB+	AB-	O+	O-
Demand: 80	12	30	5	7	2	97	17	
Supply: 155	119	60	47	9	4	165	121	
Import: 0	0	0	0	0	0	0	0	
Expiry: 0	0	0	0	0	0	0	0	
Fitness: 3.3104853996088512

-----------------------------------------------------------------------
d: 266
22348.388823582252
	A+	A-	B+	B-	AB+	AB-	O+	O-
Demand: 48	7	18	3	4	1	58	10	
Supply: 88	77	35	31	3	2	91	78	
Import: 0	0	0	0	1	0	0	0	
Expiry: 0	0	0	0	0	0	0	0	
Fitness: 3.5120711525278687

-----------------------------------------------------------------------
d: 267
22463.77523628457
	A+	A-	B+	B-	AB+	AB-	O+	O-
Demand: 58	9	22	4	5	2	70	13	
Supply: 58	43	24	18	2	2	78	44	
Import: 0	0	0	0	3	0	0	0	
Expiry: 0	0	0	0	0	0	0	0	
Fitness: 3.4490097858600546

-----------------------------------------------------------------------
d: 268
22480.02473634798
	A+	A-	B+	B-	AB+	AB-	O+	O-
Demand: 8	1	3	1	1	0	10	2	
Supply: 50	8	21	3	5	2	61	11	
Import: 0	0	0	0	0	0	0	0	
Expiry: 0	0	0	0	0	0	0	0	
Fitness: 3.7619106663766115

-----------------------------------------------------------------------
d: 269
22608.555881381988
	A+	A-	B+	B-	AB+	AB-	O+	O-
Demand: 64	10	24	4	6	2	78	14	
Supply: 100	51	40	22	9	4	113	55	
Import: 0	0	0	0	0	0	0	0	
Expiry: 0	0	0	0	0	0	0	0	
Fitness: 3.407521724438155

-----------------------------------------------------------------------
d: 270
22709.84660419834
	A+	A-	B+	B-	AB+	AB-	O+	O-
Demand: 51	8	19	3	5	2	62	11	
Supply: 99	10	39	4	9	4	76	14	
Import: 0	0	0	0	0	0	0	0	
Expiry: 0	0	0	0	0	0	0	0	
Fitness: 3.4934993070626263

-----------------------------------------------------------------------
d: 271
22762.2105408356
	A+	A-	B+	B-	AB+	AB-	O+	O-
Demand: 26	4	10	2	2	1	32	6	
Supply: 122	12	48	5	11	4	90	16	
Import: 0	0	0	0	0	0	0	0	
Expiry: 0	0	0	0	0	0	0	0	
Fitness: 3.6479244759403917

-----------------------------------------------------------------------
d: 272
22845.256259025526
	A+	A-	B+	B-	AB+	AB-	O+	O-
Demand: 42	6	16	3	4	1	51	9	
Supply: 142	7	55	3	13	4	56	10	
Import: 0	0	0	0	0	0	0	0	
Expiry: 0	0	0	0	0	0	0	0	
Fitness: 3.5510851029147874

-----------------------------------------------------------------------
d: 273
22857.933243049723
	A+	A-	B+	B-	AB+	AB-	O+	O-
Demand: 6	1	2	0	1	0	8	1	
Supply: 119	3	46	1	11	4	24	4	
Import: 0	0	0	0	0	0	0	0	
Expiry: 0	0	0	0	0	0	0	0	
Fitness: 3.773186420125354

-----------------------------------------------------------------------
d: 274
22944.705648615105
	A+	A-	B+	B-	AB+	AB-	O+	O-
Demand: 43	7	16	3	4	1	53	9	
Supply: 120	114	46	44	11	4	121	114	
Import: 0	0	0	0	0	0	0	0	
Expiry: 0	0	0	0	0	0	0	0	
Fitness: 3.5393227458860124

-----------------------------------------------------------------------
d: 275
22980.144902140244
	A+	A-	B+	B-	AB+	AB-	O+	O-
Demand: 18	3	7	1	2	1	22	4	
Supply: 140	10	54	4	13	5	77	14	
Import: 0	0	0	0	0	0	0	0	
Expiry: 0	0	0	0	0	0	0	0	
Fitness: 3.7013430070130084

-----------------------------------------------------------------------
d: 276
23129.048115007972
	A+	A-	B+	B-	AB+	AB-	O+	O-
Demand: 74	12	28	5	7	2	91	16	
Supply: 167	129	64	50	15	5	177	132	
Import: 0	0	0	0	0	0	0	0	
Expiry: 0	0	0	0	0	0	0	0	
Fitness: 3.3432223853379677

-----------------------------------------------------------------------
d: 277
23211.93786265285
	A+	A-	B+	B-	AB+	AB-	O+	O-
Demand: 41	6	16	3	4	1	51	9	
Supply: 95	93	37	36	8	3	95	93	
Import: 0	0	0	0	0	0	0	0	
Expiry: 0	0	0	0	0	0	0	0	
Fitness: 3.551577384947601

-----------------------------------------------------------------------
d: 278
23336.831160537906
	A+	A-	B+	B-	AB+	AB-	O+	O-
Demand: 62	10	23	4	6	2	76	14	
Supply: 122	55	26	21	4	2	79	55	
Import: 0	0	0	0	2	0	0	0	
Expiry: 0	0	0	0	0	0	0	0	
Fitness: 3.419003679502029

-----------------------------------------------------------------------
d: 279
23458.417370700343
	A+	A-	B+	B-	AB+	AB-	O+	O-
Demand: 61	9	23	4	6	2	74	13	
Supply: 113	68	23	6	5	2	124	72	
Import: 0	0	0	0	1	0	0	0	
Expiry: 0	0	0	0	0	0	0	0	
Fitness: 3.429441675126548

-----------------------------------------------------------------------
d: 280
23500.920795377184
	A+	A-	B+	B-	AB+	AB-	O+	O-
Demand: 21	3	8	1	2	1	26	5	
Supply: 56	53	2	1	0	0	56	53	
Import: 0	0	6	1	2	1	0	0	
Expiry: 0	0	0	0	0	0	0	0	
Fitness: 3.6790467168154595

-----------------------------------------------------------------------
d: 281
23542.115743097333
	A+	A-	B+	B-	AB+	AB-	O+	O-
Demand: 21	3	8	1	2	1	25	5	
Supply: 82	7	18	3	4	1	57	10	
Import: 0	0	0	0	0	0	0	0	
Expiry: 0	0	0	0	0	0	0	0	
Fitness: 3.683176597210015

-----------------------------------------------------------------------
d: 282
23623.19837770659
	A+	A-	B+	B-	AB+	AB-	O+	O-
Demand: 41	6	15	3	4	1	49	9	
Supply: 67	62	28	10	3	2	68	62	
Import: 0	0	0	0	1	0	0	0	
Expiry: 0	0	0	0	0	0	0	0	
Fitness: 3.557281085466269

-----------------------------------------------------------------------
d: 283
23694.27812189902
	A+	A-	B+	B-	AB+	AB-	O+	O-
Demand: 36	6	13	2	3	1	43	8	
Supply: 85	9	35	4	5	3	71	13	
Import: 0	0	0	0	0	0	0	0	
Expiry: 0	0	0	0	0	0	0	0	
Fitness: 3.58885270834438

-----------------------------------------------------------------------
d: 284
23706.617267203314
	A+	A-	B+	B-	AB+	AB-	O+	O-
Demand: 6	1	2	0	1	0	8	1	
Supply: 77	4	32	2	5	3	34	6	
Import: 0	0	0	0	0	0	0	0	
Expiry: 0	0	0	0	0	0	0	0	
Fitness: 3.774252723585056

-----------------------------------------------------------------------
d: 285
23806.186239104034
	A+	A-	B+	B-	AB+	AB-	O+	O-
Demand: 50	8	19	3	5	2	61	11	
Supply: 96	75	40	32	6	4	102	77	
Import: 0	0	0	0	0	0	0	0	
Expiry: 0	0	0	0	0	0	0	0	
Fitness: 3.4989335833900856

-----------------------------------------------------------------------
d: 286
23818.80917021771
	A+	A-	B+	B-	AB+	AB-	O+	O-
Demand: 6	1	2	0	1	0	8	1	
Supply: 79	5	33	2	4	3	40	7	
Import: 0	0	0	0	0	0	0	0	
Expiry: 0	0	0	0	0	0	0	0	
Fitness: 3.7733570246241865

-----------------------------------------------------------------------
d: 287
23863.58988374147
	A+	A-	B+	B-	AB+	AB-	O+	O-
Demand: 22	3	8	1	2	1	27	5	
Supply: 83	75	35	32	4	3	85	75	
Import: 0	0	0	0	0	0	0	0	
Expiry: 0	0	0	0	0	0	0	0	
Fitness: 3.671859023892373

-----------------------------------------------------------------------
d: 288
23934.571772289608
	A+	A-	B+	B-	AB+	AB-	O+	O-
Demand: 35	6	13	2	3	1	43	8	
Supply: 90	65	38	29	5	3	96	67	
Import: 0	0	0	0	0	0	0	0	
Expiry: 0	0	0	0	0	0	0	0	
Fitness: 3.589161565221691

-----------------------------------------------------------------------
d: 289
24021.03943950899
	A+	A-	B+	B-	AB+	AB-	O+	O-
Demand: 43	7	16	3	4	1	53	9	
Supply: 103	8	43	3	7	4	59	11	
Import: 0	0	0	0	0	0	0	0	
Expiry: 0	0	0	0	0	0	0	0	
Fitness: 3.5402845762905737

-----------------------------------------------------------------------
d: 290
24107.64429645324
	A+	A-	B+	B-	AB+	AB-	O+	O-
Demand: 43	7	16	3	4	1	53	9	
Supply: 79	63	34	28	5	4	83	64	
Import: 0	0	0	0	0	0	0	0	
Expiry: 0	0	0	0	0	0	0	0	
Fitness: 3.5398515712214396

-----------------------------------------------------------------------
d: 291
24131.341470288113
	A+	A-	B+	B-	AB+	AB-	O+	O-
Demand: 12	2	4	1	1	0	14	3	
Supply: 50	2	23	1	2	3	17	3	
Import: 0	0	0	0	0	0	0	0	
Expiry: 0	0	0	0	0	0	0	0	
Fitness: 3.738403946035421

-----------------------------------------------------------------------
d: 292
24268.152295877
	A+	A-	B+	B-	AB+	AB-	O+	O-
Demand: 68	11	26	4	6	2	83	15	
Supply: 109	11	46	23	8	5	87	16	
Import: 0	0	0	0	0	0	0	0	
Expiry: 0	0	0	0	0	0	0	0	
Fitness: 3.381388982686815

-----------------------------------------------------------------------
d: 293
24268.755525930603
	A+	A-	B+	B-	AB+	AB-	O+	O-
Demand: 0	0	0	0	0	0	0	0	
Supply: 108	10	45	4	8	5	82	15	
Import: 0	0	0	0	0	0	0	0	
Expiry: 0	0	0	0	0	0	0	0	
Fitness: 3.8112942060950648

-----------------------------------------------------------------------
d: 294
24335.38962370468
	A+	A-	B+	B-	AB+	AB-	O+	O-
Demand: 33	5	12	2	3	1	41	7	
Supply: 163	9	65	3	13	7	66	12	
Import: 0	0	0	0	0	0	0	0	
Expiry: 0	0	0	0	0	0	0	0	
Fitness: 3.6028842798522986

-----------------------------------------------------------------------
d: 295
24342.697326377493
	A+	A-	B+	B-	AB+	AB-	O+	O-
Demand: 4	1	1	0	0	0	4	1	
Supply: 193	10	77	4	16	8	76	14	
Import: 0	0	0	0	0	0	0	0	
Expiry: 0	0	0	0	0	0	0	0	
Fitness: 3.790133214390665

-----------------------------------------------------------------------
d: 296
24355.76901195725
	A+	A-	B+	B-	AB+	AB-	O+	O-
Demand: 7	1	2	0	1	0	8	1	
Supply: 236	7	94	3	20	9	57	10	
Import: 0	0	0	0	0	0	0	0	
Expiry: 0	0	0	0	0	0	0	0	
Fitness: 3.771940643340633

-----------------------------------------------------------------------
d: 297
24421.204257213758
	A+	A-	B+	B-	AB+	AB-	O+	O-
Demand: 33	5	12	2	3	1	40	7	
Supply: 252	233	100	93	21	10	257	234	
Import: 0	0	0	0	0	0	0	0	
Expiry: 0	0	0	0	0	0	0	0	
Fitness: 3.6066681581108817

-----------------------------------------------------------------------
d: 298
24501.540152335292
	A+	A-	B+	B-	AB+	AB-	O+	O-
Demand: 40	6	15	3	4	1	49	9	
Supply: 275	9	109	3	23	11	68	12	
Import: 0	0	0	0	0	0	0	0	
Expiry: 0	0	0	0	0	0	0	0	
Fitness: 3.559637981974388

-----------------------------------------------------------------------
d: 299
24508.27508982423
	A+	A-	B+	B-	AB+	AB-	O+	O-
Demand: 3	1	1	0	0	0	4	1	
Supply: 237	235	95	94	19	10	237	235	
Import: 0	0	0	0	0	0	0	0	
Expiry: 0	0	0	0	0	0	0	0	
Fitness: 3.79194100450228

-----------------------------------------------------------------------
d: 300
24666.214063779415
	A+	A-	B+	B-	AB+	AB-	O+	O-
Demand: 79	12	30	5	7	2	96	17	
Supply: 239	235	96	94	19	10	240	235	
Import: 0	0	0	0	0	0	0	0	
Expiry: 0	0	0	0	0	0	0	0	
Fitness: 3.314703264405687

-----------------------------------------------------------------------
d: 301
24807.713827170228
	A+	A-	B+	B-	AB+	AB-	O+	O-
Demand: 71	11	27	4	7	2	86	15	
Supply: 216	169	87	69	17	10	228	172	
Import: 0	0	0	0	0	0	0	0	
Expiry: 0	0	0	0	0	0	0	0	
Fitness: 3.3665895227494746

-----------------------------------------------------------------------
d: 302
24948.869998282178
	A+	A-	B+	B-	AB+	AB-	O+	O-
Demand: 71	11	26	4	7	2	86	15	
Supply: 155	146	64	61	11	8	157	147	
Import: 0	0	0	0	0	0	0	0	
Expiry: 0	0	0	0	0	0	0	0	
Fitness: 3.367673985879654

-----------------------------------------------------------------------
d: 303
25024.354456006397
	A+	A-	B+	B-	AB+	AB-	O+	O-
Demand: 38	6	14	2	4	1	46	8	
Supply: 135	8	57	3	9	8	62	11	
Import: 0	0	0	0	0	0	0	0	
Expiry: 0	0	0	0	0	0	0	0	
Fitness: 3.5749503312596698

-----------------------------------------------------------------------
d: 304
25091.914928450184
	A+	A-	B+	B-	AB+	AB-	O+	O-
Demand: 34	5	13	2	3	1	41	7	
Supply: 173	12	72	5	12	9	93	17	
Import: 0	0	0	0	0	0	0	0	
Expiry: 0	0	0	0	0	0	0	0	
Fitness: 3.599960409801036

-----------------------------------------------------------------------
d: 305
25096.86439154055
	A+	A-	B+	B-	AB+	AB-	O+	O-
Demand: 2	0	1	0	0	0	3	1	
Supply: 180	6	74	3	13	9	50	9	
Import: 0	0	0	0	0	0	0	0	
Expiry: 0	0	0	0	0	0	0	0	
Fitness: 3.7975764080727727

-----------------------------------------------------------------------
d: 306
25195.75868433508
	A+	A-	B+	B-	AB+	AB-	O+	O-
Demand: 49	8	19	3	5	2	60	11	
Supply: 229	8	92	76	18	11	62	11	
Import: 0	0	0	0	0	0	0	0	
Expiry: 0	0	0	0	0	0	0	0	
Fitness: 3.501063039319005

-----------------------------------------------------------------------
d: 307
25248.25359068816
	A+	A-	B+	B-	AB+	AB-	O+	O-
Demand: 26	4	10	2	2	1	32	6	
Supply: 217	6	87	2	16	10	45	8	
Import: 0	0	0	0	0	0	0	0	
Expiry: 0	0	0	0	0	0	0	0	
Fitness: 3.647511102774818

-----------------------------------------------------------------------
d: 308
25293.933172468605
	A+	A-	B+	B-	AB+	AB-	O+	O-
Demand: 23	4	9	1	2	1	28	5	
Supply: 258	11	102	4	20	11	82	15	
Import: 0	0	0	0	0	0	0	0	
Expiry: 0	0	0	0	0	0	0	0	
Fitness: 3.6690219709572145

-----------------------------------------------------------------------
d: 309
25424.515808532313
	A+	A-	B+	B-	AB+	AB-	O+	O-
Demand: 65	10	24	4	6	2	80	14	
Supply: 263	239	104	95	21	11	270	241	
Import: 0	0	0	0	0	0	0	0	
Expiry: 0	0	0	0	0	0	0	0	
Fitness: 3.4010467058756584

-----------------------------------------------------------------------
d: 310
25577.014460482
	A+	A-	B+	B-	AB+	AB-	O+	O-
Demand: 76	12	29	5	7	2	93	17	
Supply: 218	201	88	81	17	10	223	202	
Import: 0	0	0	0	0	0	0	0	
Expiry: 0	0	0	0	0	0	0	0	
Fitness: 3.331874280735527

-----------------------------------------------------------------------
d: 311
25667.89954334368
	A+	A-	B+	B-	AB+	AB-	O+	O-
Demand: 45	7	17	3	4	1	55	10	
Supply: 154	144	63	60	11	8	156	145	
Import: 0	0	0	0	0	0	0	0	
Expiry: 0	0	0	0	0	0	0	0	
Fitness: 3.526342108169578

-----------------------------------------------------------------------
d: 312
25819.382256210003
	A+	A-	B+	B-	AB+	AB-	O+	O-
Demand: 76	12	28	5	7	2	92	17	
Supply: 162	117	66	49	12	9	173	121	
Import: 0	0	0	0	0	0	0	0	
Expiry: 0	0	0	0	0	0	0	0	
Fitness: 3.3350808384673933

-----------------------------------------------------------------------
d: 313
25918.491851630853
	A+	A-	B+	B-	AB+	AB-	O+	O-
Demand: 50	8	19	3	5	2	60	11	
Supply: 125	92	53	40	9	8	133	94	
Import: 0	0	0	0	0	0	0	0	
Expiry: 0	0	0	0	0	0	0	0	
Fitness: 3.500383490404672

-----------------------------------------------------------------------
d: 314
25961.803026965805
	A+	A-	B+	B-	AB+	AB-	O+	O-
Demand: 22	3	8	1	2	1	26	5	
Supply: 108	5	46	2	7	7	40	7	
Import: 0	0	0	0	0	0	0	0	
Expiry: 0	0	0	0	0	0	0	0	
Fitness: 3.6764972538008034

-----------------------------------------------------------------------
d: 315
26028.7911787317
	A+	A-	B+	B-	AB+	AB-	O+	O-
Demand: 33	5	13	2	3	1	41	7	
Supply: 159	11	65	5	12	8	89	16	
Import: 0	0	0	0	0	0	0	0	
Expiry: 0	0	0	0	0	0	0	0	
Fitness: 3.601766796940638

-----------------------------------------------------------------------
d: 316
26065.198612288208
	A+	A-	B+	B-	AB+	AB-	O+	O-
Demand: 18	3	7	1	2	1	22	4	
Supply: 175	8	70	3	14	9	59	11	
Import: 0	0	0	0	0	0	0	0	
Expiry: 0	0	0	0	0	0	0	0	
Fitness: 3.6982871887890005

-----------------------------------------------------------------------
d: 317
26090.551767769466
	A+	A-	B+	B-	AB+	AB-	O+	O-
Demand: 13	2	5	1	1	0	15	3	
Supply: 180	4	71	1	14	9	28	5	
Import: 0	0	0	0	0	0	0	0	
Expiry: 0	0	0	0	0	0	0	0	
Fitness: 3.733177253964008

-----------------------------------------------------------------------
d: 318
26198.044547116173
	A+	A-	B+	B-	AB+	AB-	O+	O-
Demand: 54	8	20	3	5	2	66	12	
Supply: 208	173	82	69	17	10	218	176	
Import: 0	0	0	0	0	0	0	0	
Expiry: 0	0	0	0	0	0	0	0	
Fitness: 3.473924066138697

-----------------------------------------------------------------------
d: 319
26340.151326036263
	A+	A-	B+	B-	AB+	AB-	O+	O-
Demand: 71	11	27	4	7	2	87	16	
Supply: 211	163	83	66	17	10	223	166	
Import: 0	0	0	0	0	0	0	0	
Expiry: 0	0	0	0	0	0	0	0	
Fitness: 3.364673629985213

-----------------------------------------------------------------------
d: 320
26438.175563098266
	A+	A-	B+	B-	AB+	AB-	O+	O-
Demand: 49	8	18	3	5	2	60	11	
Supply: 167	144	66	58	12	9	172	146	
Import: 0	0	0	0	0	0	0	0	
Expiry: 0	0	0	0	0	0	0	0	
Fitness: 3.50380915272478

-----------------------------------------------------------------------
d: 321
26586.527087605777
	A+	A-	B+	B-	AB+	AB-	O+	O-
Demand: 74	12	28	5	7	2	90	16	
Supply: 155	124	62	50	10	8	163	126	
Import: 0	0	0	0	0	0	0	0	
Expiry: 0	0	0	0	0	0	0	0	
Fitness: 3.3449636517249055

-----------------------------------------------------------------------
d: 322
26620.576069041024
	A+	A-	B+	B-	AB+	AB-	O+	O-
Demand: 17	3	6	1	2	1	21	4	
Supply: 134	8	54	3	8	8	65	12	
Import: 0	0	0	0	0	0	0	0	
Expiry: 0	0	0	0	0	0	0	0	
Fitness: 3.705731053296745

-----------------------------------------------------------------------
d: 323
26643.609868996245
	A+	A-	B+	B-	AB+	AB-	O+	O-
Demand: 12	2	4	1	1	0	14	3	
Supply: 164	7	66	3	10	8	57	10	
Import: 0	0	0	0	0	0	0	0	
Expiry: 0	0	0	0	0	0	0	0	
Fitness: 3.7404977198430753

-----------------------------------------------------------------------
d: 324
26690.920980936833
	A+	A-	B+	B-	AB+	AB-	O+	O-
Demand: 24	4	9	1	2	1	29	5	
Supply: 188	6	76	2	12	9	44	8	
Import: 0	0	0	0	0	0	0	0	
Expiry: 0	0	0	0	0	0	0	0	
Fitness: 3.663872453889258

-----------------------------------------------------------------------
d: 325
26847.759757521068
	A+	A-	B+	B-	AB+	AB-	O+	O-
Demand: 78	12	29	5	7	2	96	17	
Supply: 174	166	71	68	11	8	177	166	
Import: 0	0	0	0	0	0	0	0	
Expiry: 0	0	0	0	0	0	0	0	
Fitness: 3.3181757623577504

-----------------------------------------------------------------------
d: 326
26886.963884101402
	A+	A-	B+	B-	AB+	AB-	O+	O-
Demand: 20	3	7	1	2	1	24	4	
Supply: 151	9	62	3	9	8	67	12	
Import: 0	0	0	0	0	0	0	0	
Expiry: 0	0	0	0	0	0	0	0	
Fitness: 3.689460126432555

-----------------------------------------------------------------------
d: 327
27028.239793905923
	A+	A-	B+	B-	AB+	AB-	O+	O-
Demand: 71	11	26	4	7	2	86	15	
Supply: 154	135	64	56	9	8	159	136	
Import: 0	0	0	0	0	0	0	0	
Expiry: 0	0	0	0	0	0	0	0	
Fitness: 3.3672960606312112

-----------------------------------------------------------------------
d: 328
27120.446113763588
	A+	A-	B+	B-	AB+	AB-	O+	O-
Demand: 46	7	17	3	4	1	56	10	
Supply: 89	84	40	38	3	6	90	84	
Import: 0	0	0	0	1	0	0	0	
Expiry: 0	0	0	0	0	0	0	0	
Fitness: 3.5221719539009895

-----------------------------------------------------------------------
d: 329
27135.060150166406
	A+	A-	B+	B-	AB+	AB-	O+	O-
Demand: 7	1	3	0	1	0	9	2	
Supply: 97	8	43	3	5	7	66	12	
Import: 0	0	0	0	0	0	0	0	
Expiry: 0	0	0	0	0	0	0	0	
Fitness: 3.7670725985553455

-----------------------------------------------------------------------
d: 330
27154.459009448554
	A+	A-	B+	B-	AB+	AB-	O+	O-
Demand: 10	2	4	1	1	0	12	2	
Supply: 95	91	42	40	4	7	96	91	
Import: 0	0	0	0	0	0	0	0	
Expiry: 0	0	0	0	0	0	0	0	
Fitness: 3.7519705013424565

-----------------------------------------------------------------------
d: 331
27268.74285827273
	A+	A-	B+	B-	AB+	AB-	O+	O-
Demand: 57	9	21	4	5	2	70	12	
Supply: 124	91	53	40	7	8	133	94	
Import: 0	0	0	0	0	0	0	0	
Expiry: 0	0	0	0	0	0	0	0	
Fitness: 3.4524897531004366

-----------------------------------------------------------------------
d: 332
27390.97682347409
	A+	A-	B+	B-	AB+	AB-	O+	O-
Demand: 61	10	23	4	6	2	74	13	
Supply: 131	10	56	4	8	8	79	14	
Import: 0	0	0	0	0	0	0	0	
Expiry: 0	0	0	0	0	0	0	0	
Fitness: 3.4273971982849387

-----------------------------------------------------------------------
d: 333
27470.630636800415
	A+	A-	B+	B-	AB+	AB-	O+	O-
Demand: 40	6	15	2	4	1	49	9	
Supply: 80	72	37	34	3	6	82	72	
Import: 0	0	0	0	1	0	0	0	
Expiry: 0	0	0	0	0	0	0	0	
Fitness: 3.5617908026405245

-----------------------------------------------------------------------
d: 334
27523.416274082396
	A+	A-	B+	B-	AB+	AB-	O+	O-
Demand: 26	4	10	2	2	1	32	6	
Supply: 107	10	47	4	6	7	81	15	
Import: 0	0	0	0	0	0	0	0	
Expiry: 0	0	0	0	0	0	0	0	
Fitness: 3.6465934832804803

-----------------------------------------------------------------------
d: 335
27683.36795318011
	A+	A-	B+	B-	AB+	AB-	O+	O-
Demand: 80	12	30	5	7	2	97	17	
Supply: 94	83	42	38	5	6	133	84	
Import: 0	0	0	0	2	0	0	0	
Expiry: 0	0	0	0	0	0	0	0	
Fitness: 3.3083506637995814

-----------------------------------------------------------------------
d: 336
27715.693257234816
	A+	A-	B+	B-	AB+	AB-	O+	O-
Demand: 16	3	6	1	2	1	20	4	
Supply: 56	7	28	3	4	5	51	9	
Import: 0	0	0	0	0	0	0	0	
Expiry: 0	0	0	0	0	0	0	0	
Fitness: 3.7111714100290807

-----------------------------------------------------------------------
d: 337
27835.89887060823
	A+	A-	B+	B-	AB+	AB-	O+	O-
Demand: 60	9	23	4	6	2	73	13	
Supply: 70	45	33	24	5	5	77	47	
Import: 0	0	0	0	1	0	0	0	
Expiry: 0	0	0	0	0	0	0	0	
Fitness: 3.4337991837419017

-----------------------------------------------------------------------
d: 338
27955.391929480116
	A+	A-	B+	B-	AB+	AB-	O+	O-
Demand: 60	9	22	4	6	2	73	13	
Supply: 70	14	40	12	2	4	103	16	
Import: 0	0	0	0	4	0	0	0	
Expiry: 0	0	0	0	0	0	0	0	
Fitness: 3.4360481838873573

-----------------------------------------------------------------------
d: 339
28030.578548410143
	A+	A-	B+	B-	AB+	AB-	O+	O-
Demand: 38	6	14	2	4	1	46	8	
Supply: 64	13	26	19	2	3	55	15	
Import: 0	0	0	0	2	0	0	0	
Expiry: 0	0	0	0	0	0	0	0	
Fitness: 3.5758903849538486

-----------------------------------------------------------------------
d: 340
28067.402160297534
	A+	A-	B+	B-	AB+	AB-	O+	O-
Demand: 18	3	7	1	2	1	22	4	
Supply: 50	4	21	13	2	3	29	5	
Import: 0	0	0	0	0	0	0	0	
Expiry: 0	0	0	0	0	0	0	0	
Fitness: 3.696973625932169

-----------------------------------------------------------------------
d: 341
28129.906300173592
	A+	A-	B+	B-	AB+	AB-	O+	O-
Demand: 31	5	12	2	3	1	38	7	
Supply: 86	8	34	3	5	4	66	12	
Import: 0	0	0	0	0	0	0	0	
Expiry: 0	0	0	0	0	0	0	0	
Fitness: 3.615919459467917

-----------------------------------------------------------------------
d: 342
28208.37050744272
	A+	A-	B+	B-	AB+	AB-	O+	O-
Demand: 39	6	15	2	4	1	48	9	
Supply: 57	55	23	22	2	3	57	55	
Import: 0	0	0	0	2	0	0	0	
Expiry: 0	0	0	0	0	0	0	0	
Fitness: 3.565545496758545

-----------------------------------------------------------------------
d: 343
28305.79784271877
	A+	A-	B+	B-	AB+	AB-	O+	O-
Demand: 49	8	18	3	5	2	59	11	
Supply: 63	25	25	11	4	3	72	28	
Import: 0	0	0	0	1	0	0	0	
Expiry: 0	0	0	0	0	0	0	0	
Fitness: 3.5056931239867133

-----------------------------------------------------------------------
d: 344
28315.952279288853
	A+	A-	B+	B-	AB+	AB-	O+	O-
Demand: 5	1	2	0	0	0	6	1	
Supply: 78	10	31	4	6	3	78	14	
Import: 0	0	0	0	0	0	0	0	
Expiry: 0	0	0	0	0	0	0	0	
Fitness: 3.7811482105274252

-----------------------------------------------------------------------
d: 345
28432.548613117426
	A+	A-	B+	B-	AB+	AB-	O+	O-
Demand: 58	9	22	4	5	2	71	13	
Supply: 131	82	51	4	11	5	143	13	
Import: 0	0	0	0	0	0	0	0	
Expiry: 0	0	0	0	0	0	0	0	
Fitness: 3.4451909723053014

-----------------------------------------------------------------------
d: 346
28442.433117801367
	A+	A-	B+	B-	AB+	AB-	O+	O-
Demand: 5	1	2	0	0	0	6	1	
Supply: 99	4	39	2	8	4	32	6	
Import: 0	0	0	0	0	0	0	0	
Expiry: 0	0	0	0	0	0	0	0	
Fitness: 3.7820001830430554

-----------------------------------------------------------------------
d: 347
28486.41427752319
	A+	A-	B+	B-	AB+	AB-	O+	O-
Demand: 22	3	8	1	2	1	27	5	
Supply: 101	95	40	37	9	4	103	96	
Import: 0	0	0	0	0	0	0	0	
Expiry: 0	0	0	0	0	0	0	0	
Fitness: 3.674382615579742

-----------------------------------------------------------------------
d: 348
28583.77814719156
	A+	A-	B+	B-	AB+	AB-	O+	O-
Demand: 49	8	18	3	5	2	59	11	
Supply: 111	84	44	34	10	4	118	86	
Import: 0	0	0	0	0	0	0	0	
Expiry: 0	0	0	0	0	0	0	0	
Fitness: 3.5058934373109447

-----------------------------------------------------------------------
d: 349
28639.33818285304
	A+	A-	B+	B-	AB+	AB-	O+	O-
Demand: 28	4	10	2	3	1	34	6	
Supply: 114	8	46	3	10	4	64	11	
Import: 0	0	0	0	0	0	0	0	
Expiry: 0	0	0	0	0	0	0	0	
Fitness: 3.637836788395182

-----------------------------------------------------------------------
d: 350
28792.83172404948
	A+	A-	B+	B-	AB+	AB-	O+	O-
Demand: 77	12	29	5	7	2	94	17	
Supply: 86	86	36	36	7	3	122	86	
Import: 0	0	0	0	0	0	0	0	
Expiry: 0	0	0	0	0	0	0	0	
Fitness: 3.32873416155047

-----------------------------------------------------------------------
d: 351
28845.702331826935
	A+	A-	B+	B-	AB+	AB-	O+	O-
Demand: 26	4	10	2	2	1	32	6	
Supply: 52	7	23	3	4	2	53	9	
Import: 0	0	0	0	0	0	0	0	
Expiry: 0	0	0	0	0	0	0	0	
Fitness: 3.646325295154144

-----------------------------------------------------------------------
d: 352
28897.093684927757
	A+	A-	B+	B-	AB+	AB-	O+	O-
Demand: 26	4	10	2	2	1	31	6	
Supply: 95	11	39	4	8	3	84	15	
Import: 0	0	0	0	0	0	0	0	
Expiry: 0	0	0	0	0	0	0	0	
Fitness: 3.6509941927272673

-----------------------------------------------------------------------
d: 353
28990.394991416535
	A+	A-	B+	B-	AB+	AB-	O+	O-
Demand: 47	7	17	3	4	1	57	10	
Supply: 89	72	36	30	8	3	93	73	
Import: 0	0	0	0	0	0	0	0	
Expiry: 0	0	0	0	0	0	0	0	
Fitness: 3.518715902346533

-----------------------------------------------------------------------
d: 354
29100.736984683397
	A+	A-	B+	B-	AB+	AB-	O+	O-
Demand: 55	9	21	3	5	2	67	12	
Supply: 67	46	28	21	6	3	73	47	
Import: 0	0	0	0	0	0	0	0	
Expiry: 0	0	0	0	0	0	0	0	
Fitness: 3.464931234703208

-----------------------------------------------------------------------
d: 355
29102.40186888716
	A+	A-	B+	B-	AB+	AB-	O+	O-
Demand: 1	0	0	0	0	0	1	0	
Supply: 60	8	25	3	6	3	59	11	
Import: 0	0	0	0	0	0	0	0	
Expiry: 0	0	0	0	0	0	0	0	
Fitness: 3.8079433601836112

-----------------------------------------------------------------------
d: 356
29231.574513055755
	A+	A-	B+	B-	AB+	AB-	O+	O-
Demand: 65	10	24	4	6	2	79	14	
Supply: 83	63	34	27	8	4	89	64	
Import: 0	0	0	0	0	0	0	0	
Expiry: 0	0	0	0	0	0	0	0	
Fitness: 3.405496992794609

-----------------------------------------------------------------------
d: 357
29298.856750414125
	A+	A-	B+	B-	AB+	AB-	O+	O-
Demand: 34	5	13	2	3	1	41	7	
Supply: 54	19	13	10	3	2	76	20	
Import: 0	0	0	0	0	0	0	0	
Expiry: 0	0	0	0	0	0	0	0	
Fitness: 3.600838589289387

-----------------------------------------------------------------------
d: 358
29366.86129146594
	A+	A-	B+	B-	AB+	AB-	O+	O-
Demand: 34	5	13	2	3	1	41	7	
Supply: 44	24	18	2	2	2	49	25	
Import: 0	0	0	0	1	0	0	0	
Expiry: 0	0	0	0	0	0	0	0	
Fitness: 3.598558818256946

-----------------------------------------------------------------------
d: 359
29450.739206776976
	A+	A-	B+	B-	AB+	AB-	O+	O-
Demand: 42	7	16	3	4	1	51	9	
Supply: 71	10	28	4	6	3	75	13	
Import: 0	0	0	0	0	0	0	0	
Expiry: 0	0	0	0	0	0	0	0	
Fitness: 3.548458480751287

-----------------------------------------------------------------------
d: 360
29549.256949043738
	A+	A-	B+	B-	AB+	AB-	O+	O-
Demand: 49	8	18	3	5	2	60	11	
Supply: 75	36	29	15	6	3	86	39	
Import: 0	0	0	0	0	0	0	0	
Expiry: 0	0	0	0	0	0	0	0	
Fitness: 3.502251526922271

-----------------------------------------------------------------------
d: 361
29703.142761781513
	A+	A-	B+	B-	AB+	AB-	O+	O-
Demand: 77	12	29	5	7	2	94	17	
Supply: 97	29	41	12	3	3	127	31	
Import: 0	0	0	0	4	0	0	0	
Expiry: 0	0	0	0	0	0	0	0	
Fitness: 3.327496054498143

-----------------------------------------------------------------------
d: 362
29856.34086029521
	A+	A-	B+	B-	AB+	AB-	O+	O-
Demand: 77	12	29	5	7	2	93	17	
Supply: 77	29	33	16	5	3	101	32	
Import: 0	0	0	0	2	0	0	0	
Expiry: 0	0	0	0	0	0	0	0	
Fitness: 3.329666652517889

-----------------------------------------------------------------------
d: 363
29873.842211822404
	A+	A-	B+	B-	AB+	AB-	O+	O-
Demand: 9	1	3	1	1	0	11	2	
Supply: 65	10	28	4	6	3	79	14	
Import: 0	0	0	0	0	0	0	0	
Expiry: 0	0	0	0	0	0	0	0	
Fitness: 3.757959510194042

-----------------------------------------------------------------------
d: 364
30006.473820997104
	A+	A-	B+	B-	AB+	AB-	O+	O-
Demand: 66	10	25	4	6	2	81	15	
Supply: 103	63	43	28	9	4	114	66	
Import: 0	0	0	0	0	0	0	0	
Expiry: 0	0	0	0	0	0	0	0	
Fitness: 3.3945796344940917

-----------------------------------------------------------------------
d: 365
30097.89043983104
	A+	A-	B+	B-	AB+	AB-	O+	O-
Demand: 46	7	17	3	4	1	56	10	
Supply: 51	39	23	19	4	2	72	40	
Import: 0	0	0	0	0	0	0	0	
Expiry: 0	0	0	0	0	0	0	0	
Fitness: 3.5246644477571354

-----------------------------------------------------------------------
AVERAGES ACHIEVED OVER 365 DAYS
--------------------------------------------------------------------------
		A+	A-	B+	B-	AB+	AB-	O+	O-
Avg demand:	41.47 	6.48 	15.55 	2.59 	3.89 	1.30 	50.54 	9.07 	
Avg supply:	163.95 	70.13 	63.68 	27.74 	14.85 	9.25 	114.65 	71.22 	
Avg import:	0.48 	0.04 	0.22 	0.02 	0.25 	0.01 	0.57 	0.07 	
Avg expiry:	0.00 	0.00 	0.00 	0.00 	0.00 	0.00 	0.00 	0.00 	
Number of Solutions: 1803
time: 5135744

Supply
106 
37 
151 
315 
262 
225 
159 
378 
171 
44 
431 
329 
353 
726 
623 
305 
735 
630 
725 
375 
418 
931 
809 
621 
347 
723 
687 
362 
396 
603 
266 
792 
752 
393 
556 
290 
554 
513 
326 
350 
536 
368 
215 
156 
143 
373 
190 
229 
314 
492 
451 
128 
143 
284 
458 
258 
593 
457 
200 
271 
313 
276 
247 
152 
404 
226 
187 
546 
284 
196 
398 
270 
188 
403 
273 
626 
390 
323 
430 
371 
238 
140 
438 
141 
223 
253 
498 
297 
454 
389 
299 
287 
265 
292 
647 
681 
421 
739 
283 
836 
443 
438 
497 
586 
1373 
1352 
1125 
1041 
477 
1008 
421 
466 
1118 
1009 
487 
441 
483 
737 
515 
967 
1121 
402 
450 
1295 
498 
1190 
1062 
939 
941 
820 
682 
248 
322 
874 
745 
259 
273 
433 
473 
459 
578 
1432 
424 
593 
724 
1609 
688 
643 
1598 
1493 
1422 
551 
1489 
536 
654 
1401 
1226 
1007 
834 
579 
177 
347 
509 
315 
330 
316 
355 
719 
474 
158 
168 
255 
305 
315 
329 
458 
872 
640 
240 
728 
510 
284 
302 
274 
383 
713 
469 
404 
454 
505 
1347 
1284 
353 
450 
1173 
475 
539 
455 
1089 
906 
498 
1086 
450 
458 
308 
490 
599 
489 
589 
490 
1483 
1276 
403 
478 
1228 
442 
969 
380 
988 
416 
379 
1081 
542 
1064 
485 
546 
822 
1460 
452 
623 
1416 
1198 
551 
1428 
623 
1649 
1523 
601 
706 
1816 
1315 
583 
1760 
1561 
1416 
1149 
1049 
775 
511 
343 
183 
380 
307 
390 
178 
177 
305 
188 
189 
138 
169 
421 
186 
370 
680 
406 
270 
161 
394 
255 
308 
290 
212 
573 
317 
740 
459 
364 
412 
221 
182 
304 
225 
163 
431 
173 
391 
391 
238 
359 
101 
305 
277 
338 
398 
436 
1201 
510 
1161 
1167 
968 
750 
293 
393 
344 
507 
391 
503 
1245 
1039 
741 
708 
554 
222 
365 
349 
312 
954 
940 
774 
698 
292 
325 
345 
842 
321 
722 
435 
241 
465 
551 
310 
386 
277 
484 
163 
305 
261 
197 
127 
218 
274 
231 
224 
440 
194 
485 
491 
260 
462 
153 
259 
405 
292 
175 
372 
198 
167 
210 
289 
342 
295 
209 
430 
249 
--------------------------------------------------
Demand
125 
153 
231 
174 
102 
141 
4 
219 
180 
252 
229 
110 
147 
209 
192 
1 
72 
181 
152 
172 
36 
115 
216 
145 
127 
156 
180 
154 
160 
126 
42 
168 
232 
218 
134 
99 
156 
202 
162 
176 
127 
165 
146 
114 
70 
225 
69 
110 
140 
95 
130 
16 
24 
97 
187 
27 
230 
248 
125 
122 
232 
181 
143 
41 
143 
66 
52 
248 
104 
64 
213 
134 
99 
195 
44 
238 
68 
208 
193 
246 
108 
17 
200 
38 
45 
80 
223 
195 
229 
215 
57 
83 
28 
80 
46 
91 
154 
72 
41 
137 
110 
44 
141 
62 
64 
214 
137 
123 
123 
197 
150 
42 
168 
199 
169 
111 
165 
226 
196 
170 
202 
76 
49 
205 
107 
197 
176 
70 
194 
175 
171 
90 
21 
249 
219 
37 
53 
106 
3 
0 
60 
241 
5 
18 
215 
135 
200 
163 
116 
147 
162 
143 
229 
110 
215 
177 
194 
146 
199 
236 
58 
212 
231 
170 
144 
34 
123 
193 
244 
72 
16 
84 
129 
109 
47 
169 
193 
120 
5 
184 
140 
71 
107 
43 
165 
100 
41 
16 
99 
17 
82 
241 
26 
84 
245 
127 
221 
108 
151 
60 
105 
236 
186 
171 
7 
11 
174 
62 
145 
16 
169 
220 
63 
28 
241 
108 
109 
8 
182 
91 
19 
103 
230 
202 
126 
18 
142 
247 
14 
145 
245 
238 
109 
222 
65 
187 
81 
16 
172 
219 
79 
10 
173 
190 
240 
103 
246 
226 
126 
52 
52 
230 
217 
251 
63 
90 
189 
224 
103 
23 
123 
244 
16 
167 
251 
151 
182 
26 
203 
160 
83 
131 
20 
137 
56 
235 
131 
197 
192 
67 
65 
128 
112 
19 
157 
20 
71 
112 
136 
137 
37 
216 
1 
105 
12 
21 
103 
127 
11 
249 
223 
223 
119 
107 
8 
156 
83 
72 
206 
241 
143 
239 
156 
68 
106 
57 
40 
170 
224 
155 
234 
54 
36 
75 
248 
62 
223 
146 
23 
31 
180 
193 
126 
83 
252 
51 
190 
189 
119 
58 
99 
124 
154 
16 
184 
16 
69 
154 
88 
242 
83 
81 
147 
174 
3 
204 
106 
107 
132 
155 
243 
242 
28 
209 
144 
--------------------------------------------------
Expire
0 
34 
10 
48 
102 
60 
57 
57 
91 
45 
12 
138 
141 
169 
164 
157 
148 
153 
186 
161 
180 
199 
194 
172 
142 
162 
164 
157 
169 
176 
164 
151 
177 
170 
175 
118 
131 
121 
124 
135 
155 
115 
76 
47 
38 
40 
138 
99 
117 
147 
108 
108 
80 
89 
111 
109 
112 
139 
116 
85 
67 
102 
106 
107 
84 
96 
101 
98 
135 
65 
81 
98 
81 
84 
110 
116 
151 
91 
138 
105 
95 
80 
64 
100 
60 
92 
117 
101 
106 
114 
108 
112 
137 
139 
157 
146 
139 
188 
154 
156 
183 
210 
227 
265 
297 
359 
330 
234 
219 
241 
203 
203 
224 
249 
215 
230 
228 
250 
288 
264 
291 
274 
216 
240 
339 
267 
302 
231 
195 
197 
179 
142 
120 
146 
195 
166 
128 
142 
198 
231 
261 
297 
366 
249 
313 
386 
482 
364 
357 
464 
423 
373 
302 
405 
297 
340 
395 
313 
220 
170 
119 
75 
128 
122 
121 
115 
133 
172 
149 
97 
56 
66 
109 
135 
144 
157 
196 
192 
167 
139 
150 
107 
119 
143 
140 
183 
151 
132 
187 
236 
264 
398 
376 
207 
244 
293 
239 
272 
247 
269 
194 
243 
260 
219 
226 
185 
248 
315 
288 
324 
297 
451 
341 
225 
255 
316 
228 
197 
201 
200 
202 
207 
228 
269 
225 
233 
269 
361 
379 
261 
328 
372 
292 
279 
373 
319 
484 
428 
338 
393 
593 
389 
343 
559 
456 
371 
264 
216 
164 
105 
67 
80 
78 
96 
101 
35 
59 
67 
46 
60 
29 
40 
142 
94 
165 
155 
88 
58 
50 
100 
99 
122 
142 
119 
120 
140 
167 
95 
122 
113 
56 
82 
67 
85 
77 
96 
79 
83 
90 
103 
79 
50 
109 
108 
163 
193 
236 
301 
275 
279 
280 
216 
155 
135 
173 
180 
229 
217 
258 
306 
218 
154 
162 
125 
108 
159 
175 
180 
208 
211 
167 
155 
134 
164 
188 
174 
151 
154 
89 
97 
95 
124 
131 
80 
107 
94 
0 
0 
0 
0 
0 
0 
0 
0 
0 
0 
0 
0 
0 
0 
0 
0 
0 
0 
0 
0 
0 
0 
0 
0 
0 
0 
0 
0 
0 
--------------------------------------------------
Import
20 
117 
80 
0 
3 
1 
0 
0 
35 
207 
0 
0 
0 
0 
0 
0 
0 
0 
0 
0 
0 
0 
0 
0 
0 
0 
0 
0 
0 
0 
0 
0 
0 
0 
0 
0 
0 
0 
0 
0 
0 
2 
2 
0 
0 
0 
0 
0 
0 
0 
0 
0 
0 
0 
2 
0 
0 
1 
0 
1 
16 
0 
0 
0 
0 
0 
0 
0 
0 
0 
0 
2 
0 
0 
0 
0 
0 
0 
0 
2 
0 
0 
0 
0 
0 
0 
0 
0 
0 
0 
0 
0 
0 
0 
0 
0 
0 
0 
0 
0 
0 
0 
0 
0 
0 
0 
0 
0 
0 
0 
0 
0 
0 
0 
0 
0 
0 
0 
0 
0 
0 
0 
0 
0 
0 
0 
0 
0 
0 
0 
0 
0 
0 
0 
0 
0 
0 
0 
0 
0 
0 
0 
0 
0 
0 
0 
0 
0 
0 
0 
0 
0 
0 
0 
0 
0 
0 
0 
0 
0 
0 
0 
0 
0 
0 
0 
0 
0 
0 
0 
0 
0 
0 
0 
0 
0 
0 
0 
0 
0 
0 
0 
0 
0 
0 
0 
0 
0 
0 
0 
0 
0 
0 
0 
0 
0 
0 
0 
0 
0 
0 
0 
0 
0 
0 
0 
0 
0 
0 
0 
0 
0 
0 
0 
0 
0 
0 
0 
0 
0 
0 
0 
0 
0 
0 
0 
0 
0 
0 
0 
0 
0 
0 
0 
0 
0 
0 
0 
0 
0 
0 
0 
0 
0 
0 
0 
0 
0 
0 
0 
0 
0 
0 
4 
1 
0 
5 
61 
0 
0 
1 
0 
0 
0 
0 
1 
3 
0 
0 
0 
0 
0 
0 
0 
0 
0 
0 
2 
1 
9 
0 
1 
0 
0 
0 
0 
0 
0 
0 
0 
0 
0 
0 
0 
0 
0 
0 
0 
0 
0 
0 
0 
0 
0 
0 
0 
0 
0 
0 
0 
0 
0 
0 
0 
0 
0 
0 
0 
0 
0 
0 
0 
0 
0 
0 
0 
0 
1 
0 
0 
0 
0 
1 
0 
2 
0 
1 
4 
2 
0 
0 
2 
1 
0 
0 
0 
0 
0 
0 
0 
0 
0 
0 
0 
0 
0 
0 
1 
0 
0 
4 
2 
0 
0 
0 
