***************************DAY 70***************************
1.7239418053701598 0.0 0.021478177013808164 0.0 0.005369544253452041 0.0 2.0698040752948828 0.0 
	A+	A-	B+	B-	AB+	AB-	O+	O-
Demand: 43	7	16	3	4	1	52	9	
Supply: 41	10	16	13	4	6	50	10	
Import: 0	0	0	0	0	0	0	0	
Expiry: 0	0	0	0	0	0	0	0	
Fitness: 0.03030511735360085


***************************DAY 71***************************
0.0 0.0 0.0 0.0 0.0 0.0 0.0 0.0 
	A+	A-	B+	B-	AB+	AB-	O+	O-
Demand: 45	7	17	3	4	1	55	10	
Supply: 55	12	21	13	5	7	67	13	
Import: 0	0	0	0	0	0	0	0	
Expiry: 0	0	0	0	0	0	0	0	
Fitness: 0.10071284578390498


***************************DAY 72***************************
0.0 0.0 0.0 0.0 0.0 0.0 0.0 0.0 
	A+	A-	B+	B-	AB+	AB-	O+	O-
Demand: 76	12	29	5	7	2	93	17	
Supply: 90	17	34	15	8	8	109	20	
Import: 0	0	0	0	0	0	0	0	
Expiry: 0	0	0	0	0	0	0	0	
Fitness: 0.12009167909380415


***************************DAY 73***************************
0.0 0.0 0.0 0.0 0.0 0.0 0.0 0.0 
	A+	A-	B+	B-	AB+	AB-	O+	O-
Demand: 3	0	1	0	0	0	4	1	
Supply: 40	9	15	12	3	7	47	9	
Import: 0	0	0	0	0	0	0	0	
Expiry: 0	0	0	0	0	0	0	0	
Fitness: 0.26404278657571595


***************************DAY 74***************************
0.0 0.0 0.0 0.0 0.0 0.0 0.0 0.0 
	A+	A-	B+	B-	AB+	AB-	O+	O-
Demand: 24	4	9	1	2	1	29	5	
Supply: 77	15	29	15	7	8	92	17	
Import: 0	0	0	0	0	0	0	0	
Expiry: 0	0	0	0	0	0	0	0	
Fitness: 0.3708280977150812


***************************DAY 75***************************
0.0 0.0 0.0 0.0 0.0 0.0 0.0 0.0 
	A+	A-	B+	B-	AB+	AB-	O+	O-
Demand: 52	8	19	3	5	2	63	11	
Supply: 129	23	49	19	12	9	156	29	
Import: 0	0	0	0	0	0	0	0	
Expiry: 0	0	0	0	0	0	0	0	
Fitness: 0.5264218591905908


***************************DAY 76***************************
0.0 0.0 0.0 0.0 0.0 0.0 0.0 0.0 
	A+	A-	B+	B-	AB+	AB-	O+	O-
Demand: 71	11	27	4	7	2	86	15	
Supply: 100	19	38	17	9	8	121	23	
Import: 0	0	0	0	0	0	0	0	
Expiry: 0	0	0	0	0	0	0	0	
Fitness: 0.22308092690971712


***************************DAY 77***************************
17.609515102702467 0.0 6.1035681635134225 0.0 2.7758920408783556 0.0 21.086596531418635 0.0 
	A+	A-	B+	B-	AB+	AB-	O+	O-
Demand: 62	10	23	4	6	2	75	13	
Supply: 44	10	17	14	3	6	54	15	
Import: 0	0	0	0	0	0	0	0	
Expiry: 0	0	0	0	0	0	0	0	
Fitness: 0.06388736840405318


***************************DAY 78***************************
0.0 0.0 0.0 0.0 0.0 0.0 0.0 0.0 
	A+	A-	B+	B-	AB+	AB-	O+	O-
Demand: 10	2	4	1	1	0	12	2	
Supply: 21	3	8	11	2	5	25	6	
Import: 0	0	0	0	0	0	0	0	
Expiry: 0	0	0	0	0	0	0	0	
Fitness: 0.09737010807545506


***************************DAY 79***************************
0.0 0.0 0.0 0.0 0.0 0.0 0.0 0.0 
	A+	A-	B+	B-	AB+	AB-	O+	O-
Demand: 31	5	12	2	3	1	38	7	
Supply: 80	12	30	14	8	7	98	19	
Import: 0	0	0	0	0	0	0	0	
Expiry: 0	0	0	0	0	0	0	0	
Fitness: 0.3416293369657825


***************************DAY 80***************************
0.0 0.0 0.0 0.0 0.0 0.0 0.0 0.0 
	A+	A-	B+	B-	AB+	AB-	O+	O-
Demand: 63	10	24	4	6	2	76	14	
Supply: 83	12	31	14	8	7	101	19	
Import: 0	0	0	0	0	0	0	0	
Expiry: 0	0	0	0	0	0	0	0	
Fitness: 0.1543686455968342


***************************DAY 81***************************
0.0 0.0 0.0 0.0 0.0 0.0 0.0 0.0 
	A+	A-	B+	B-	AB+	AB-	O+	O-
Demand: 57	9	21	4	5	2	69	12	
Supply: 62	13	23	13	6	6	76	14	
Import: 0	0	0	0	0	0	0	0	
Expiry: 0	0	0	0	0	0	0	0	
Fitness: 0.06861791964232276


***************************DAY 82***************************
0.0 0.0 0.0 0.0 0.0 0.0 0.0 0.0 
	A+	A-	B+	B-	AB+	AB-	O+	O-
Demand: 7	1	3	0	1	0	9	2	
Supply: 52	11	20	12	5	5	64	12	
Import: 0	0	0	0	0	0	0	0	
Expiry: 0	0	0	0	0	0	0	0	
Fitness: 0.3159158191889865


***************************DAY 83***************************
0.0 0.0 0.0 0.0 0.0 0.0 0.0 0.0 
	A+	A-	B+	B-	AB+	AB-	O+	O-
Demand: 29	5	11	2	3	1	36	6	
Supply: 57	12	21	13	5	5	69	13	
Import: 0	0	0	0	0	0	0	0	
Expiry: 0	0	0	0	0	0	0	0	
Fitness: 0.2056478301130084


***************************DAY 84***************************
0.0 0.0 0.0 0.0 0.0 0.0 0.0 0.0 
	A+	A-	B+	B-	AB+	AB-	O+	O-
Demand: 64	10	24	4	6	2	78	14	
Supply: 75	14	28	14	6	5	90	17	
Import: 0	0	0	0	0	0	0	0	
Expiry: 0	0	0	0	0	0	0	0	
Fitness: 0.09484888342849525


***************************DAY 85***************************
0.0 0.0 0.0 0.0 0.0 0.0 0.0 0.0 
	A+	A-	B+	B-	AB+	AB-	O+	O-
Demand: 52	8	20	3	5	2	64	11	
Supply: 67	13	25	14	5	5	81	15	
Import: 0	0	0	0	0	0	0	0	
Expiry: 0	0	0	0	0	0	0	0	
Fitness: 0.11913290004256367


***************************DAY 86***************************
28.137311356400566 0.08824587932510752 11.176491758650211 0.0 4.044122939662553 0.0 35.573598215613195 1.01264684190836 
	A+	A-	B+	B-	AB+	AB-	O+	O-
Demand: 43	7	16	3	4	1	53	9	
Supply: 15	7	5	11	0	3	17	8	
Import: 0	0	0	0	0	0	0	0	
Expiry: 0	0	0	0	0	0	0	0	
Fitness: 0.14015307986244507


***************************DAY 87***************************
11.530864483738817 0.22453709070102779 4.449074181402056 0.0 0.6122685453505139 0.0 13.959491089556685 0.0 
	A+	A-	B+	B-	AB+	AB-	O+	O-
Demand: 39	6	14	2	4	1	47	8	
Supply: 27	6	10	10	3	3	33	9	
Import: 0	0	0	0	0	0	0	0	
Expiry: 0	0	0	0	0	0	0	0	
Fitness: 0.04256563046975711


***************************DAY 88***************************
0.0 0.0 0.0 0.0 0.0 0.0 0.0 0.0 
	A+	A-	B+	B-	AB+	AB-	O+	O-
Demand: 3	0	1	0	0	0	4	1	
Supply: 74	12	28	13	7	4	90	16	
Import: 0	0	0	0	0	0	0	0	
Expiry: 0	0	0	0	0	0	0	0	
Fitness: 0.46918745949075247


***************************DAY 89***************************
0.0 0.0 0.0 0.0 0.0 0.0 0.0 0.0 
	A+	A-	B+	B-	AB+	AB-	O+	O-
Demand: 64	10	24	4	6	2	78	14	
Supply: 116	19	44	16	11	5	141	25	
Import: 0	0	0	0	0	0	0	0	
Expiry: 0	0	0	0	0	0	0	0	
Fitness: 0.3525168693980156


***************************DAY 90***************************
0.0 0.0 0.0 0.0 0.0 0.0 0.0 0.0 
	A+	A-	B+	B-	AB+	AB-	O+	O-
Demand: 78	12	29	5	7	2	95	17	
Supply: 119	19	45	16	11	5	144	26	
Import: 0	0	0	0	0	0	0	0	
Expiry: 0	0	0	0	0	0	0	0	
Fitness: 0.2801800600985832


***************************DAY 91***************************
0.0 0.0 0.0 0.0 0.0 0.0 0.0 0.0 
	A+	A-	B+	B-	AB+	AB-	O+	O-
Demand: 48	8	18	3	5	2	59	11	
Supply: 104	17	40	15	10	5	125	23	
Import: 0	0	0	0	0	0	0	0	
Expiry: 0	0	0	0	0	0	0	0	
Fitness: 0.3738646224852418


***************************DAY 92***************************
0.0 0.0 0.0 0.0 0.0 0.0 0.0 0.0 
	A+	A-	B+	B-	AB+	AB-	O+	O-
Demand: 17	3	6	1	2	1	20	4	
Supply: 136	21	52	17	12	5	163	29	
Import: 0	0	0	0	0	0	0	0	
Expiry: 0	0	0	0	0	0	0	0	
Fitness: 0.7643436035681499


***************************DAY 93***************************
0.0 0.0 0.0 0.0 0.0 0.0 0.0 0.0 
	A+	A-	B+	B-	AB+	AB-	O+	O-
Demand: 74	12	28	5	7	2	90	16	
Supply: 190	29	73	20	17	6	229	41	
Import: 0	0	0	0	0	0	0	0	
Expiry: 0	0	0	0	0	0	0	0	
Fitness: 0.7439800119073936


***************************DAY 94***************************
0.0 0.0 0.0 0.0 0.0 0.0 0.0 0.0 
	A+	A-	B+	B-	AB+	AB-	O+	O-
Demand: 69	11	26	4	6	2	84	15	
Supply: 187	28	72	19	17	6	226	41	
Import: 0	0	0	0	0	0	0	0	
Expiry: 0	0	0	0	0	0	0	0	
Fitness: 0.7556618603854213


***************************DAY 95***************************
0.0 0.0 0.0 0.0 0.0 0.0 0.0 0.0 
	A+	A-	B+	B-	AB+	AB-	O+	O-
Demand: 34	5	13	2	3	1	41	7	
Supply: 132	19	51	16	12	4	159	29	
Import: 0	0	0	0	0	0	0	0	
Expiry: 0	0	0	0	0	0	0	0	
Fitness: 0.6293122816165151


***************************DAY 96***************************
0.0 0.0 0.0 0.0 0.0 0.0 0.0 0.0 
	A+	A-	B+	B-	AB+	AB-	O+	O-
Demand: 34	5	13	2	3	1	42	7	
Supply: 99	14	38	14	9	3	119	22	
Import: 0	0	0	0	0	0	0	0	
Expiry: 0	0	0	0	0	0	0	0	
Fitness: 0.4207955713797473


***************************DAY 97***************************
0.0 0.0 0.0 0.0 0.0 0.0 0.0 0.0 
	A+	A-	B+	B-	AB+	AB-	O+	O-
Demand: 42	7	16	3	4	1	51	9	
Supply: 86	12	33	13	8	3	103	20	
Import: 0	0	0	0	0	0	0	0	
Expiry: 0	0	0	0	0	0	0	0	
Fitness: 0.2895016557824339


***************************DAY 98***************************
0.0 0.0 0.0 0.0 0.0 0.0 0.0 0.0 
	A+	A-	B+	B-	AB+	AB-	O+	O-
Demand: 14	2	5	1	1	0	17	3	
Supply: 106	15	40	14	10	4	127	24	
Import: 0	0	0	0	0	0	0	0	
Expiry: 0	0	0	0	0	0	0	0	
Fitness: 0.5908993908146761


***************************DAY 99***************************
0.0 0.0 0.0 0.0 0.0 0.0 0.0 0.0 
	A+	A-	B+	B-	AB+	AB-	O+	O-
Demand: 34	5	13	2	3	1	41	7	
Supply: 116	17	44	14	11	5	139	26	
Import: 0	0	0	0	0	0	0	0	
Expiry: 0	0	0	0	0	0	0	0	
Fitness: 0.5311046344134731


***************************DAY 100***************************
0.0 0.0 0.0 0.0 0.0 0.0 0.0 0.0 
	A+	A-	B+	B-	AB+	AB-	O+	O-
Demand: 25	4	9	2	2	1	31	6	
Supply: 102	15	39	13	10	5	123	23	
Import: 0	0	0	0	0	0	0	0	
Expiry: 0	0	0	0	0	0	0	0	
Fitness: 0.5004327635176148


***************************DAY 101***************************
0.0 0.0 0.0 0.0 0.0 0.0 0.0 0.0 
	A+	A-	B+	B-	AB+	AB-	O+	O-
Demand: 29	5	11	2	3	1	36	6	
Supply: 142	21	54	15	14	6	171	31	
Import: 0	0	0	0	0	0	0	0	
Expiry: 0	0	0	0	0	0	0	0	
Fitness: 0.7225913377034625


***************************DAY 102***************************
0.0 0.0 0.0 0.0 0.0 0.0 0.0 0.0 
	A+	A-	B+	B-	AB+	AB-	O+	O-
Demand: 65	10	25	4	6	2	80	14	
Supply: 122	17	46	14	12	5	146	27	
Import: 0	0	0	0	0	0	0	0	
Expiry: 0	0	0	0	0	0	0	0	
Fitness: 0.36545401176563314


***************************DAY 103***************************
0.0 0.0 0.0 0.0 0.0 0.0 0.0 0.0 
	A+	A-	B+	B-	AB+	AB-	O+	O-
Demand: 46	7	17	3	4	1	56	10	
Supply: 85	11	31	12	9	4	100	19	
Import: 0	0	0	0	0	0	0	0	
Expiry: 0	0	0	0	0	0	0	0	
Fitness: 0.2531695840333442


***************************DAY 104***************************
0.0 0.0 0.0 0.0 0.0 0.0 0.0 0.0 
	A+	A-	B+	B-	AB+	AB-	O+	O-
Demand: 62	10	23	4	6	2	76	14	
Supply: 112	15	41	14	12	5	133	25	
Import: 0	0	0	0	0	0	0	0	
Expiry: 0	0	0	0	0	0	0	0	
Fitness: 0.3205912971294018


***************************DAY 105***************************
0.0 0.0 0.0 0.0 0.0 0.0 0.0 0.0 
	A+	A-	B+	B-	AB+	AB-	O+	O-
Demand: 39	6	15	2	4	1	48	9	
Supply: 102	13	37	13	11	5	120	22	
Import: 0	0	0	0	0	0	0	0	
Expiry: 0	0	0	0	0	0	0	0	
Fitness: 0.399363240240548


***************************DAY 106***************************
2.2820076791848436 0.8725162603618184 2.120860433936361 0.0 0.0 0.0 7.738409215021804 0.0 
	A+	A-	B+	B-	AB+	AB-	O+	O-
Demand: 71	11	26	4	7	2	86	15	
Supply: 68	10	24	11	7	4	78	16	
Import: 0	0	0	0	0	0	0	0	
Expiry: 0	0	0	0	0	0	0	0	
Fitness: 0.007040405111282269


***************************DAY 107***************************
5.367898295551683 0.006480930415940556 2.0129618608318793 0.0 1.0032404652079698 0.0 7.042126047703611 0.0 
	A+	A-	B+	B-	AB+	AB-	O+	O-
Demand: 21	3	8	1	2	1	26	5	
Supply: 16	3	6	8	1	2	19	6	
Import: 0	0	0	0	0	0	0	0	
Expiry: 0	0	0	0	0	0	0	0	
Fitness: 0.011769930762223026


***************************DAY 108***************************
0.0 0.0 0.0 0.0 0.0 0.0 0.0 0.0 
	A+	A-	B+	B-	AB+	AB-	O+	O-
Demand: 15	2	6	1	1	0	19	3	
Supply: 32	5	12	9	3	2	39	9	
Import: 0	0	0	0	0	0	0	0	
Expiry: 0	0	0	0	0	0	0	0	
Fitness: 0.1251341178657236


***************************DAY 109***************************
44.73897714573881 6.763558214826028 17.527116429652054 0.0 3.8817791074130135 0.0 54.46312839636917 6.321431326520798 
	A+	A-	B+	B-	AB+	AB-	O+	O-
Demand: 63	10	24	4	6	2	76	14	
Supply: 18	3	6	8	2	2	22	7	
Import: 0	0	0	0	0	0	0	0	
Expiry: 0	0	0	0	0	0	0	0	
Fitness: 0.2591555394558658


***************************DAY 110***************************
0.0 0.0 0.0 0.0 0.0 0.0 0.0 0.0 
	A+	A-	B+	B-	AB+	AB-	O+	O-
Demand: 36	6	13	2	3	1	43	8	
Supply: 46	7	17	7	4	2	57	10	
Import: 0	0	0	0	0	0	0	0	
Expiry: 0	0	0	0	0	0	0	0	
Fitness: 0.07488901211426918


***************************DAY 111***************************
0.0 0.0 0.0 0.0 0.0 0.0 0.0 0.0 
	A+	A-	B+	B-	AB+	AB-	O+	O-
Demand: 21	3	8	1	2	1	25	5	
Supply: 87	13	33	10	8	3	108	19	
Import: 0	0	0	0	0	0	0	0	
Expiry: 0	0	0	0	0	0	0	0	
Fitness: 0.43049655287141697


***************************DAY 112***************************
0.0 0.0 0.0 0.0 0.0 0.0 0.0 0.0 
	A+	A-	B+	B-	AB+	AB-	O+	O-
Demand: 55	9	20	3	5	2	66	12	
Supply: 90	14	34	10	8	3	112	19	
Import: 0	0	0	0	0	0	0	0	
Expiry: 0	0	0	0	0	0	0	0	
Fitness: 0.2356963965665932


***************************DAY 113***************************
3.9819894578764234 1.0284358527931925 0.868246046703657 0.0 0.21706151167591425 0.40568717055863823 0.8217996517868897 0.43989332383276647 
	A+	A-	B+	B-	AB+	AB-	O+	O-
Demand: 77	12	29	5	7	2	94	17	
Supply: 73	11	28	9	7	2	93	16	
Import: 0	0	0	0	0	0	0	0	
Expiry: 0	0	0	0	0	0	0	0	
Fitness: 0.007148974712689494


***************************DAY 114***************************
0.0 0.0 0.0 0.0 0.0 0.0 0.0 0.0 
	A+	A-	B+	B-	AB+	AB-	O+	O-
Demand: 29	4	11	2	3	1	35	6	
Supply: 67	10	25	8	6	2	81	15	
Import: 0	0	0	0	0	0	0	0	
Expiry: 0	0	0	0	0	0	0	0	
Fitness: 0.2465898019616099


***************************DAY 115***************************
0.0 0.0 0.0 0.0 0.0 0.0 0.0 0.0 
	A+	A-	B+	B-	AB+	AB-	O+	O-
Demand: 52	8	19	3	5	2	63	11	
Supply: 87	14	33	9	8	3	106	20	
Import: 0	0	0	0	0	0	0	0	
Expiry: 0	0	0	0	0	0	0	0	
Fitness: 0.23175016457018882


***************************DAY 116***************************
0.0 0.0 0.0 0.0 0.0 0.0 0.0 0.0 
	A+	A-	B+	B-	AB+	AB-	O+	O-
Demand: 60	9	23	4	6	2	74	13	
Supply: 112	18	43	11	10	3	137	26	
Import: 0	0	0	0	0	0	0	0	
Expiry: 0	0	0	0	0	0	0	0	
Fitness: 0.3388978094023313


***************************DAY 117***************************
0.0 0.0 0.0 0.0 0.0 0.0 0.0 0.0 
	A+	A-	B+	B-	AB+	AB-	O+	O-
Demand: 19	3	7	1	2	1	24	4	
Supply: 63	11	24	8	5	1	77	15	
Import: 0	0	0	0	0	0	0	0	
Expiry: 0	0	0	0	0	0	0	0	
Fitness: 0.28496890995931734


***************************DAY 118***************************
0.0 0.0 0.0 0.0 0.0 0.0 0.0 0.0 
	A+	A-	B+	B-	AB+	AB-	O+	O-
Demand: 29	5	11	2	3	1	35	6	
Supply: 50	9	19	7	4	1	60	12	
Import: 0	0	0	0	0	0	0	0	
Expiry: 0	0	0	0	0	0	0	0	
Fitness: 0.14265382795000756


***************************DAY 119***************************
0.0 0.0 0.0 0.0 0.0 0.0 0.0 0.0 
	A+	A-	B+	B-	AB+	AB-	O+	O-
Demand: 26	4	10	2	2	1	32	6	
Supply: 38	7	14	6	3	1	46	10	
Import: 0	0	0	0	0	0	0	0	
Expiry: 0	0	0	0	0	0	0	0	
Fitness: 0.08655296839835683


***************************DAY 120***************************
0.0 0.0 0.0 0.0 0.0 0.0 0.0 0.0 
	A+	A-	B+	B-	AB+	AB-	O+	O-
Demand: 30	5	11	2	3	1	36	6	
Supply: 88	15	33	9	8	2	107	21	
Import: 0	0	0	0	0	0	0	0	
Expiry: 0	0	0	0	0	0	0	0	
Fitness: 0.3791269943895778


***************************DAY 121***************************
0.0 0.0 0.0 0.0 0.3340229680693163 0.7780076560231055 0.0 0.0 
	A+	A-	B+	B-	AB+	AB-	O+	O-
Demand: 57	9	21	4	5	2	69	12	
Supply: 59	10	23	7	5	1	73	15	
Import: 0	0	0	0	0	0	0	0	
Expiry: 0	0	0	0	0	0	0	0	
Fitness: 0.02684245348333269


***************************DAY 122***************************
52.86504096648922 7.1664126510139425 18.19939036243346 0.8665650604055761 5.299847590608365 1.433282530202788 62.89801867790874 9.03297771141952 
	A+	A-	B+	B-	AB+	AB-	O+	O-
Demand: 78	12	29	5	7	2	95	17	
Supply: 25	5	11	4	2	1	32	8	
Import: 0	0	0	0	0	0	0	0	
Expiry: 0	0	0	0	0	0	0	0	
Fitness: 0.31552307110096317


***************************DAY 123***************************
0.0 0.0 0.0 0.0 0.0 0.0 0.0 0.0 
	A+	A-	B+	B-	AB+	AB-	O+	O-
Demand: 42	7	16	3	4	1	52	9	
Supply: 73	11	28	5	7	2	89	16	
Import: 0	0	0	0	0	0	0	0	
Expiry: 0	0	0	0	0	0	0	0	
Fitness: 0.1942132730499648


***************************DAY 124***************************
0.0 0.0 0.0 0.0 0.0 0.0 0.0 0.0 
	A+	A-	B+	B-	AB+	AB-	O+	O-
Demand: 52	8	20	3	5	2	64	11	
Supply: 83	12	31	5	8	3	100	18	
Import: 0	0	0	0	0	0	0	0	
Expiry: 0	0	0	0	0	0	0	0	
Fitness: 0.18880196511888458


***************************DAY 125***************************
0.0 0.0 0.0 0.0 0.0 0.0 0.0 0.0 
	A+	A-	B+	B-	AB+	AB-	O+	O-
Demand: 47	7	17	3	4	1	57	10	
Supply: 96	14	35	6	9	3	115	21	
Import: 0	0	0	0	0	0	0	0	
Expiry: 0	0	0	0	0	0	0	0	
Fitness: 0.3038982748732516


***************************DAY 126***************************
0.0 0.0 0.0 0.0 0.0 0.0 0.0 0.0 
	A+	A-	B+	B-	AB+	AB-	O+	O-
Demand: 53	8	20	3	5	2	65	12	
Supply: 61	9	23	4	6	2	73	14	
Import: 0	0	0	0	0	0	0	0	
Expiry: 0	0	0	0	0	0	0	0	
Fitness: 0.04973550723061288


***************************DAY 127***************************
0.0 0.0 0.0 0.0 0.0 0.0 0.0 0.0 
	A+	A-	B+	B-	AB+	AB-	O+	O-
Demand: 27	4	10	2	3	1	33	6	
Supply: 57	9	21	4	6	2	67	13	
Import: 0	0	0	0	0	0	0	0	
Expiry: 0	0	0	0	0	0	0	0	
Fitness: 0.1850438274957721


***************************DAY 128***************************
0.0 0.0 0.0 0.0 0.0 0.0 0.0 0.0 
	A+	A-	B+	B-	AB+	AB-	O+	O-
Demand: 1	0	0	0	0	0	1	0	
Supply: 90	14	34	6	9	3	107	20	
Import: 0	0	0	0	0	0	0	0	
Expiry: 0	0	0	0	0	0	0	0	
Fitness: 0.5619788538931042


***************************DAY 129***************************
0.0 0.0 0.0 0.0 0.0 0.0 0.0 0.0 
	A+	A-	B+	B-	AB+	AB-	O+	O-
Demand: 73	11	27	5	7	2	88	16	
Supply: 126	20	48	8	12	4	151	28	
Import: 0	0	0	0	0	0	0	0	
Expiry: 0	0	0	0	0	0	0	0	
Fitness: 0.3361999732873384


***************************DAY 130***************************
0.0 0.0 0.0 0.0 0.0 0.0 0.0 0.0 
	A+	A-	B+	B-	AB+	AB-	O+	O-
Demand: 22	4	8	1	2	1	27	5	
Supply: 85	14	33	5	8	3	102	19	
Import: 0	0	0	0	0	0	0	0	
Expiry: 0	0	0	0	0	0	0	0	
Fitness: 0.3963512614448351


***************************DAY 131***************************
0.0 0.0 0.0 0.0 0.0 0.0 0.0 0.0 
	A+	A-	B+	B-	AB+	AB-	O+	O-
Demand: 37	6	14	2	3	1	45	8	
Supply: 105	17	41	7	10	3	127	23	
Import: 0	0	0	0	0	0	0	0	
Expiry: 0	0	0	0	0	0	0	0	
Fitness: 0.4319450506592872


***************************DAY 132***************************
0.0 0.0 0.0 0.0 0.0 0.0 0.0 0.0 
	A+	A-	B+	B-	AB+	AB-	O+	O-
Demand: 10	2	4	1	1	0	13	2	
Supply: 119	19	46	8	12	4	145	26	
Import: 0	0	0	0	0	0	0	0	
Expiry: 0	0	0	0	0	0	0	0	
Fitness: 0.691991443549148


***************************DAY 133***************************
0.0 0.0 0.0 0.0 0.0 0.0 0.0 0.0 
	A+	A-	B+	B-	AB+	AB-	O+	O-
Demand: 56	9	21	3	5	2	68	12	
Supply: 147	23	56	9	15	5	179	32	
Import: 0	0	0	0	0	0	0	0	
Expiry: 0	0	0	0	0	0	0	0	
Fitness: 0.5805530940588045


***************************DAY 134***************************
0.0 0.0 0.0 0.0 0.0 0.0 0.0 0.0 
	A+	A-	B+	B-	AB+	AB-	O+	O-
Demand: 36	6	13	2	3	1	44	8	
Supply: 131	20	50	9	14	4	160	29	
Import: 0	0	0	0	0	0	0	0	
Expiry: 0	0	0	0	0	0	0	0	
Fitness: 0.6078173192715688


***************************DAY 135***************************
0.0 0.0 0.0 0.0 0.0 0.0 0.0 0.0 
	A+	A-	B+	B-	AB+	AB-	O+	O-
Demand: 74	12	28	5	7	2	91	16	
Supply: 143	21	55	10	15	4	174	31	
Import: 0	0	0	0	0	0	0	0	
Expiry: 0	0	0	0	0	0	0	0	
Fitness: 0.43685222451561356


***************************DAY 136***************************
0.0 0.0 0.0 0.0 0.0 0.0 0.0 0.0 
	A+	A-	B+	B-	AB+	AB-	O+	O-
Demand: 65	10	24	4	6	2	79	14	
Supply: 140	20	54	9	15	4	170	31	
Import: 0	0	0	0	0	0	0	0	
Expiry: 0	0	0	0	0	0	0	0	
Fitness: 0.4754549964949576


***************************DAY 137***************************
0.0 0.0 0.0 0.0 0.0 0.0 0.0 0.0 
	A+	A-	B+	B-	AB+	AB-	O+	O-
Demand: 35	5	13	2	3	1	42	8	
Supply: 86	12	34	6	10	2	104	19	
Import: 0	0	0	0	0	0	0	0	
Expiry: 0	0	0	0	0	0	0	0	
Fitness: 0.3261029260168126


***************************DAY 138***************************
0.0 0.0 0.0 0.0 0.0 0.0 0.0 0.0 
	A+	A-	B+	B-	AB+	AB-	O+	O-
Demand: 2	0	1	0	0	0	3	1	
Supply: 114	17	45	8	13	3	139	25	
Import: 0	0	0	0	0	0	0	0	
Expiry: 0	0	0	0	0	0	0	0	
Fitness: 0.7124792448087224


***************************DAY 139***************************
0.0 0.0 0.0 0.0 0.0 0.0 0.0 0.0 
	A+	A-	B+	B-	AB+	AB-	O+	O-
Demand: 38	6	14	2	4	1	47	8	
Supply: 165	25	64	11	18	5	201	36	
Import: 0	0	0	0	0	0	0	0	
Expiry: 0	0	0	0	0	0	0	0	
Fitness: 0.8077973010294301


***************************DAY 140***************************
0.0 0.0 0.0 0.0 0.0 0.0 0.0 0.0 
	A+	A-	B+	B-	AB+	AB-	O+	O-
Demand: 15	2	6	1	1	0	18	3	
Supply: 145	22	57	10	16	5	176	32	
Import: 0	0	0	0	0	0	0	0	
Expiry: 0	0	0	0	0	0	0	0	
Fitness: 0.8325862933858432


***************************DAY 141***************************
0.0 0.0 0.0 0.0 0.0 0.0 0.0 0.0 
	A+	A-	B+	B-	AB+	AB-	O+	O-
Demand: 67	10	25	4	6	2	82	15	
Supply: 183	28	71	12	20	7	223	41	
Import: 0	0	0	0	0	0	0	0	
Expiry: 0	0	0	0	0	0	0	0	
Fitness: 0.747763633187652


***************************DAY 142***************************
0.0 0.0 0.0 0.0 0.0 0.0 0.0 0.0 
	A+	A-	B+	B-	AB+	AB-	O+	O-
Demand: 56	9	21	3	5	2	68	12	
Supply: 161	25	63	11	18	6	196	36	
Import: 0	0	0	0	0	0	0	0	
Expiry: 0	0	0	0	0	0	0	0	
Fitness: 0.6795153282353782


***************************DAY 143***************************
0.0 0.0 0.0 0.0 0.0 0.0 0.0 0.0 
	A+	A-	B+	B-	AB+	AB-	O+	O-
Demand: 63	10	24	4	6	2	77	14	
Supply: 167	26	65	12	19	6	203	37	
Import: 0	0	0	0	0	0	0	0	
Expiry: 0	0	0	0	0	0	0	0	
Fitness: 0.6693535500875128


***************************DAY 144***************************
0.0 0.0 0.0 0.0 0.0 0.0 0.0 0.0 
	A+	A-	B+	B-	AB+	AB-	O+	O-
Demand: 2	0	1	0	0	0	2	0	
Supply: 162	25	63	12	18	6	197	36	
Import: 0	0	0	0	0	0	0	0	
Expiry: 0	0	0	0	0	0	0	0	
Fitness: 1.0281597992371478


***************************DAY 145***************************
0.0 0.0 0.0 0.0 0.0 0.0 0.0 0.0 
	A+	A-	B+	B-	AB+	AB-	O+	O-
Demand: 69	11	26	4	6	2	84	15	
Supply: 238	37	91	17	25	8	290	53	
Import: 0	0	0	0	0	0	0	0	
Expiry: 0	0	0	0	0	0	0	0	
Fitness: 1.0819336433136304


***************************DAY 146***************************
0.0 0.0 0.0 0.0 0.0 0.0 0.0 0.0 
	A+	A-	B+	B-	AB+	AB-	O+	O-
Demand: 40	6	15	2	4	1	48	9	
Supply: 186	29	71	14	21	7	226	42	
Import: 0	0	0	0	0	0	0	0	
Expiry: 0	0	0	0	0	0	0	0	
Fitness: 0.9411964220960393


***************************DAY 147***************************
0.0 0.0 0.0 0.0 0.0 0.0 0.0 0.0 
	A+	A-	B+	B-	AB+	AB-	O+	O-
Demand: 79	12	30	5	7	2	96	17	
Supply: 164	26	63	13	19	7	200	37	
Import: 0	0	0	0	0	0	0	0	
Expiry: 0	0	0	0	0	0	0	0	
Fitness: 0.5610276472980092


***************************DAY 148***************************
0.0 0.0 0.0 0.0 0.0 0.0 0.0 0.0 
	A+	A-	B+	B-	AB+	AB-	O+	O-
Demand: 65	10	25	4	6	2	80	14	
Supply: 117	19	45	10	15	6	143	27	
Import: 0	0	0	0	0	0	0	0	
Expiry: 0	0	0	0	0	0	0	0	
Fitness: 0.3509733877558331


***************************DAY 149***************************
0.0 0.0 0.0 0.0 0.0 0.0 0.0 0.0 
	A+	A-	B+	B-	AB+	AB-	O+	O-
Demand: 73	11	27	5	7	2	89	16	
Supply: 81	14	31	8	12	5	98	19	
Import: 0	0	0	0	0	0	0	0	
Expiry: 0	0	0	0	0	0	0	0	
Fitness: 0.07440118840426367


***************************DAY 150***************************
0.0 0.0 0.0 0.0 0.0 0.0 0.0 0.0 
	A+	A-	B+	B-	AB+	AB-	O+	O-
Demand: 49	8	18	3	5	2	60	11	
Supply: 86	15	33	8	12	5	104	20	
Import: 0	0	0	0	0	0	0	0	
Expiry: 0	0	0	0	0	0	0	0	
Fitness: 0.25531598415247275


***************************DAY 151***************************
0.0 0.0 0.0 0.0 0.0 0.0 0.0 0.0 
	A+	A-	B+	B-	AB+	AB-	O+	O-
Demand: 45	7	17	3	4	1	54	10	
Supply: 57	10	23	6	9	4	68	13	
Import: 0	0	0	0	0	0	0	0	
Expiry: 0	0	0	0	0	0	0	0	
Fitness: 0.09825612752187043


***************************DAY 152***************************
1.345029732588383 0.0 0.0 0.0 0.0 0.0 2.9894744445649337 0.0 
	A+	A-	B+	B-	AB+	AB-	O+	O-
Demand: 31	5	12	2	3	1	38	7	
Supply: 30	5	12	4	6	3	35	7	
Import: 0	0	0	0	0	0	0	0	
Expiry: 0	0	0	0	0	0	0	0	
Fitness: 0.006330999624036366


***************************DAY 153***************************
0.0 0.0 0.0 0.0 0.0 0.0 0.0 0.0 
	A+	A-	B+	B-	AB+	AB-	O+	O-
Demand: 8	1	3	0	1	0	10	2	
Supply: 42	6	16	5	7	3	51	9	
Import: 0	0	0	0	0	0	0	0	
Expiry: 0	0	0	0	0	0	0	0	
Fitness: 0.22812757806283201


***************************DAY 154***************************
0.0 0.0 0.0 0.0 0.0 0.0 0.0 0.0 
	A+	A-	B+	B-	AB+	AB-	O+	O-
Demand: 58	9	22	4	5	2	70	13	
Supply: 109	17	41	10	13	5	132	23	
Import: 0	0	0	0	0	0	0	0	
Expiry: 0	0	0	0	0	0	0	0	
Fitness: 0.33513418242086734


***************************DAY 155***************************
0.0 0.0 0.0 0.0 0.0 0.0 0.0 0.0 
	A+	A-	B+	B-	AB+	AB-	O+	O-
Demand: 14	2	5	1	1	0	17	3	
Supply: 115	18	43	10	14	5	140	24	
Import: 0	0	0	0	0	0	0	0	
Expiry: 0	0	0	0	0	0	0	0	
Fitness: 0.6474772291468524


***************************DAY 156***************************
0.0 0.0 0.0 0.0 0.0 0.0 0.0 0.0 
	A+	A-	B+	B-	AB+	AB-	O+	O-
Demand: 49	8	18	3	5	2	59	11	
Supply: 169	27	63	13	19	7	205	36	
Import: 0	0	0	0	0	0	0	0	
Expiry: 0	0	0	0	0	0	0	0	
Fitness: 0.7713454242400479


***************************DAY 157***************************
0.0 0.0 0.0 0.0 0.0 0.0 0.0 0.0 
	A+	A-	B+	B-	AB+	AB-	O+	O-
Demand: 1	0	0	0	0	0	2	0	
Supply: 168	27	63	13	19	7	205	36	
Import: 0	0	0	0	0	0	0	0	
Expiry: 0	0	0	0	0	0	0	0	
Fitness: 1.0681105850351327


***************************DAY 158***************************
0.0 0.0 0.0 0.0 0.0 0.0 0.0 0.0 
	A+	A-	B+	B-	AB+	AB-	O+	O-
Demand: 38	6	14	2	4	1	47	8	
Supply: 197	32	74	15	22	8	240	43	
Import: 0	0	0	0	0	0	0	0	
Expiry: 0	0	0	0	0	0	0	0	
Fitness: 1.0191832562865992


***************************DAY 159***************************
0.0 0.0 0.0 0.0 0.0 0.0 0.0 0.0 
	A+	A-	B+	B-	AB+	AB-	O+	O-
Demand: 23	4	9	1	2	1	28	5	
Supply: 161	26	61	13	18	7	195	35	
Import: 0	0	0	0	0	0	0	0	
Expiry: 0	0	0	0	0	0	0	0	
Fitness: 0.8847520558660468


***************************DAY 160***************************
0.0 0.0 0.0 0.0 0.0 0.0 0.0 0.0 
	A+	A-	B+	B-	AB+	AB-	O+	O-
Demand: 50	8	19	3	5	2	61	11	
Supply: 173	27	65	14	19	7	210	38	
Import: 0	0	0	0	0	0	0	0	
Expiry: 0	0	0	0	0	0	0	0	
Fitness: 0.7893218581248482


***************************DAY 161***************************
0.0 0.0 0.0 0.0 0.0 0.0 0.0 0.0 
	A+	A-	B+	B-	AB+	AB-	O+	O-
Demand: 63	10	24	4	6	2	77	14	
Supply: 169	26	63	14	18	6	205	37	
Import: 0	0	0	0	0	0	0	0	
Expiry: 0	0	0	0	0	0	0	0	
Fitness: 0.6775695926262875


***************************DAY 162***************************
0.0 0.0 0.0 0.0 0.0 0.0 0.0 0.0 
	A+	A-	B+	B-	AB+	AB-	O+	O-
Demand: 22	3	8	1	2	1	27	5	
Supply: 108	16	40	10	12	4	130	23	
Import: 0	0	0	0	0	0	0	0	
Expiry: 0	0	0	0	0	0	0	0	
Fitness: 0.5447392504968608


***************************DAY 163***************************
0.0 0.0 0.0 0.0 0.0 0.0 0.0 0.0 
	A+	A-	B+	B-	AB+	AB-	O+	O-
Demand: 17	3	6	1	2	1	21	4	
Supply: 97	15	36	10	11	3	117	20	
Import: 0	0	0	0	0	0	0	0	
Expiry: 0	0	0	0	0	0	0	0	
Fitness: 0.511345488261048


***************************DAY 164***************************
0.0 0.0 0.0 0.0 0.0 0.0 0.0 0.0 
	A+	A-	B+	B-	AB+	AB-	O+	O-
Demand: 18	3	7	1	2	1	21	4	
Supply: 92	14	35	10	10	2	111	19	
Import: 0	0	0	0	0	0	0	0	
Expiry: 0	0	0	0	0	0	0	0	
Fitness: 0.47477475760002225


***************************DAY 165***************************
0.0 0.0 0.0 0.0 0.0 0.0 0.0 0.0 
	A+	A-	B+	B-	AB+	AB-	O+	O-
Demand: 41	6	15	3	4	1	50	9	
Supply: 108	16	41	11	11	2	132	22	
Import: 0	0	0	0	0	0	0	0	
Expiry: 0	0	0	0	0	0	0	0	
Fitness: 0.4275635785569571


***************************DAY 166***************************
0.0 0.0 0.0 0.0 0.0 0.0 0.0 0.0 
	A+	A-	B+	B-	AB+	AB-	O+	O-
Demand: 8	1	3	1	1	0	10	2	
Supply: 102	16	39	10	10	2	125	21	
Import: 0	0	0	0	0	0	0	0	
Expiry: 0	0	0	0	0	0	0	0	
Fitness: 0.5977034996125264


***************************DAY 167***************************
0.0 0.0 0.0 0.0 0.0 0.0 0.0 0.0 
	A+	A-	B+	B-	AB+	AB-	O+	O-
Demand: 70	11	26	4	7	2	85	15	
Supply: 148	23	56	12	14	4	180	31	
Import: 0	0	0	0	0	0	0	0	
Expiry: 0	0	0	0	0	0	0	0	
Fitness: 0.4940874964926945


***************************DAY 168***************************
0.0 0.0 0.0 0.0 0.0 0.0 0.0 0.0 
	A+	A-	B+	B-	AB+	AB-	O+	O-
Demand: 43	7	16	3	4	1	52	9	
Supply: 121	19	46	11	11	3	148	25	
Import: 0	0	0	0	0	0	0	0	
Expiry: 0	0	0	0	0	0	0	0	
Fitness: 0.49647783891608477


***************************DAY 169***************************
0.0 0.0 0.0 0.0 0.0 0.0 0.0 0.0 
	A+	A-	B+	B-	AB+	AB-	O+	O-
Demand: 4	1	2	0	0	0	5	1	
Supply: 94	15	36	9	9	3	116	20	
Import: 0	0	0	0	0	0	0	0	
Expiry: 0	0	0	0	0	0	0	0	
Fitness: 0.5766966563060056


***************************DAY 170***************************
0.0 0.0 0.0 0.0 0.0 0.0 0.0 0.0 
	A+	A-	B+	B-	AB+	AB-	O+	O-
Demand: 58	9	22	4	5	2	70	13	
Supply: 152	24	57	13	15	5	187	33	
Import: 0	0	0	0	0	0	0	0	
Expiry: 0	0	0	0	0	0	0	0	
Fitness: 0.6075341110001506


***************************DAY 171***************************
0.0 0.0 0.0 0.0 0.0 0.0 0.0 0.0 
	A+	A-	B+	B-	AB+	AB-	O+	O-
Demand: 26	4	10	2	2	1	32	6	
Supply: 149	24	56	12	15	5	184	32	
Import: 0	0	0	0	0	0	0	0	
Expiry: 0	0	0	0	0	0	0	0	
Fitness: 0.7872223321434182


***************************DAY 172***************************
0.0 0.0 0.0 0.0 0.0 0.0 0.0 0.0 
	A+	A-	B+	B-	AB+	AB-	O+	O-
Demand: 27	4	10	2	3	1	33	6	
Supply: 159	26	59	12	16	5	196	34	
Import: 0	0	0	0	0	0	0	0	
Expiry: 0	0	0	0	0	0	0	0	
Fitness: 0.8449503004126182


***************************DAY 173***************************
0.0 0.0 0.0 0.0 0.0 0.0 0.0 0.0 
	A+	A-	B+	B-	AB+	AB-	O+	O-
Demand: 57	9	21	4	5	2	70	13	
Supply: 191	31	71	14	19	6	235	41	
Import: 0	0	0	0	0	0	0	0	
Expiry: 0	0	0	0	0	0	0	0	
Fitness: 0.8541601383000921


***************************DAY 174***************************
0.0 0.0 0.0 0.0 0.0 0.0 0.0 0.0 
	A+	A-	B+	B-	AB+	AB-	O+	O-
Demand: 49	8	19	3	5	2	60	11	
Supply: 136	22	51	10	14	4	167	28	
Import: 0	0	0	0	0	0	0	0	
Expiry: 0	0	0	0	0	0	0	0	
Fitness: 0.551864490026359


***************************DAY 175***************************
0.0 0.0 0.0 0.0 0.0 0.0 0.0 0.0 
	A+	A-	B+	B-	AB+	AB-	O+	O-
Demand: 39	6	14	2	4	1	47	8	
Supply: 130	21	48	10	13	3	159	26	
Import: 0	0	0	0	0	0	0	0	
Expiry: 0	0	0	0	0	0	0	0	
Fitness: 0.5765015929999275


***************************DAY 176***************************
0.0 0.0 0.0 0.0 0.0 0.0 0.0 0.0 
	A+	A-	B+	B-	AB+	AB-	O+	O-
Demand: 77	12	29	5	7	2	94	17	
Supply: 150	24	56	12	14	4	183	31	
Import: 0	0	0	0	0	0	0	0	
Expiry: 0	0	0	0	0	0	0	0	
Fitness: 0.4632484903667312


***************************DAY 177***************************
0.0 0.0 0.0 0.0 0.0 0.0 0.0 0.0 
	A+	A-	B+	B-	AB+	AB-	O+	O-
Demand: 14	2	5	1	1	0	18	3	
Supply: 83	14	31	8	8	2	101	16	
Import: 0	0	0	0	0	0	0	0	
Expiry: 0	0	0	0	0	0	0	0	
Fitness: 0.4345508693569992


***************************DAY 178***************************
0.0 0.0 0.0 0.0 0.0 0.0 0.0 0.0 
	A+	A-	B+	B-	AB+	AB-	O+	O-
Demand: 40	6	15	3	4	1	49	9	
Supply: 101	17	38	9	10	3	122	20	
Import: 0	0	0	0	0	0	0	0	
Expiry: 0	0	0	0	0	0	0	0	
Fitness: 0.3868739370982919


***************************DAY 179***************************
0.0 0.0 0.0 0.0 0.0 0.0 0.0 0.0 
	A+	A-	B+	B-	AB+	AB-	O+	O-
Demand: 54	8	20	3	5	2	66	12	
Supply: 120	20	45	10	12	4	145	24	
Import: 0	0	0	0	0	0	0	0	
Expiry: 0	0	0	0	0	0	0	0	
Fitness: 0.41872534467625816


***************************DAY 180***************************
0.0 0.0 0.0 0.0 0.0 0.0 0.0 0.0 
	A+	A-	B+	B-	AB+	AB-	O+	O-
Demand: 24	4	9	2	2	1	29	5	
Supply: 71	13	27	7	7	2	85	13	
Import: 0	0	0	0	0	0	0	0	
Expiry: 0	0	0	0	0	0	0	0	
Fitness: 0.2983215330132134


***************************DAY 181***************************
12.163693025116643 0.6505770351744768 4.5613848844187395 0.0 0.39034622110468487 1.130115407034895 16.074500874360908 4.327176470150736 
	A+	A-	B+	B-	AB+	AB-	O+	O-
Demand: 68	11	26	4	6	2	83	15	
Supply: 56	10	21	6	6	1	67	11	
Import: 0	0	0	0	0	0	0	0	
Expiry: 0	0	0	0	0	0	0	0	
Fitness: 0.07511604946286173


***************************DAY 182***************************
0.0 0.0 0.0 0.0 0.0 0.0 0.0 0.0 
	A+	A-	B+	B-	AB+	AB-	O+	O-
Demand: 9	1	3	1	1	0	11	2	
Supply: 78	12	29	7	7	2	95	17	
Import: 0	0	0	0	0	0	0	0	
Expiry: 0	0	0	0	0	0	0	0	
Fitness: 0.43746490986563225


***************************DAY 183***************************
0.0 0.0 0.0 0.0 0.0 0.0 0.0 0.0 
	A+	A-	B+	B-	AB+	AB-	O+	O-
Demand: 53	8	20	3	5	2	65	12	
Supply: 128	20	48	10	12	4	156	28	
Import: 0	0	0	0	0	0	0	0	
Expiry: 0	0	0	0	0	0	0	0	
Fitness: 0.4752964564857835


***************************DAY 184***************************
0.0 0.0 0.0 0.0 0.0 0.0 0.0 0.0 
	A+	A-	B+	B-	AB+	AB-	O+	O-
Demand: 31	5	12	2	3	1	38	7	
Supply: 107	17	40	9	10	3	130	23	
Import: 0	0	0	0	0	0	0	0	
Expiry: 0	0	0	0	0	0	0	0	
Fitness: 0.4818161128528902


***************************DAY 185***************************
0.0 0.0 0.0 0.0 0.0 0.0 0.0 0.0 
	A+	A-	B+	B-	AB+	AB-	O+	O-
Demand: 61	10	23	4	6	2	74	13	
Supply: 85	13	31	8	8	2	103	18	
Import: 0	0	0	0	0	0	0	0	
Expiry: 0	0	0	0	0	0	0	0	
Fitness: 0.1510051757016068


***************************DAY 186***************************
0.0 0.0 0.0 0.0 0.0 0.0 0.0 0.0 
	A+	A-	B+	B-	AB+	AB-	O+	O-
Demand: 8	1	3	1	1	0	10	2	
Supply: 27	3	9	4	2	1	32	6	
Import: 0	0	0	0	0	0	0	0	
Expiry: 0	0	0	0	0	0	0	0	
Fitness: 0.1173224449938945


***************************DAY 187***************************
8.113519684396927 1.0837849408244233 4.167569881648845 0.0 1.0418924704122112 0.0 10.544602115358757 0.3395365974073723 
	A+	A-	B+	B-	AB+	AB-	O+	O-
Demand: 43	7	16	3	4	1	53	9	
Supply: 35	6	12	4	3	2	42	9	
Import: 0	0	0	0	0	0	0	0	
Expiry: 0	0	0	0	0	0	0	0	
Fitness: 0.04666559632092151


***************************DAY 188***************************
1.1961750849852777 0.0 0.0 0.0 0.0 0.0 1.788384416834429 0.0 
	A+	A-	B+	B-	AB+	AB-	O+	O-
Demand: 21	3	8	1	2	1	26	5	
Supply: 20	4	8	2	2	2	24	6	
Import: 0	0	0	0	0	0	0	0	
Expiry: 0	0	0	0	0	0	0	0	
Fitness: 0.0021896683514914346


***************************DAY 189***************************
0.0 0.0 0.0 0.0 0.0 0.0 0.0 0.0 
	A+	A-	B+	B-	AB+	AB-	O+	O-
Demand: 23	4	9	1	2	1	28	5	
Supply: 58	10	22	5	5	3	71	14	
Import: 0	0	0	0	0	0	0	0	
Expiry: 0	0	0	0	0	0	0	0	
Fitness: 0.2318986329523144


***************************DAY 190***************************
0.0 0.0 0.0 0.0 0.0 0.0 0.0 0.0 
	A+	A-	B+	B-	AB+	AB-	O+	O-
Demand: 26	4	10	2	2	1	31	6	
Supply: 89	14	33	7	8	4	109	21	
Import: 0	0	0	0	0	0	0	0	
Expiry: 0	0	0	0	0	0	0	0	
Fitness: 0.4080415173665287


***************************DAY 191***************************
0.0 0.0 0.0 0.0 0.0 0.0 0.0 0.0 
	A+	A-	B+	B-	AB+	AB-	O+	O-
Demand: 45	7	17	3	4	1	55	10	
Supply: 80	13	29	6	8	4	98	19	
Import: 0	0	0	0	0	0	0	0	
Expiry: 0	0	0	0	0	0	0	0	
Fitness: 0.22715561755525063


***************************DAY 192***************************
0.0 0.0 0.0 0.0 0.0 0.0 0.0 0.0 
	A+	A-	B+	B-	AB+	AB-	O+	O-
Demand: 59	9	22	4	5	2	71	13	
Supply: 70	12	25	5	7	4	86	17	
Import: 0	0	0	0	0	0	0	0	
Expiry: 0	0	0	0	0	0	0	0	
Fitness: 0.08225766690678188


***************************DAY 193***************************
11.35282756350837 0.0 5.5073103363156335 0.0 0.12682758407890837 0.0 12.648758593025818 0.33820689087709255 
	A+	A-	B+	B-	AB+	AB-	O+	O-
Demand: 65	10	25	4	6	2	80	14	
Supply: 54	11	19	5	6	3	67	14	
Import: 0	0	0	0	0	0	0	0	
Expiry: 0	0	0	0	0	0	0	0	
Fitness: 0.05479337916280434


***************************DAY 194***************************
0.0 0.0 0.0 0.0 0.0 0.0 0.0 0.0 
	A+	A-	B+	B-	AB+	AB-	O+	O-
Demand: 30	5	11	2	3	1	36	6	
Supply: 78	13	29	6	7	3	95	17	
Import: 0	0	0	0	0	0	0	0	
Expiry: 0	0	0	0	0	0	0	0	
Fitness: 0.3095504284313463


***************************DAY 195***************************
0.0 0.0 0.0 0.0 0.0 0.0 0.0 0.0 
	A+	A-	B+	B-	AB+	AB-	O+	O-
Demand: 26	4	10	2	2	1	32	6	
Supply: 62	10	23	5	5	2	76	14	
Import: 0	0	0	0	0	0	0	0	
Expiry: 0	0	0	0	0	0	0	0	
Fitness: 0.23006529560486216


***************************DAY 196***************************
0.0 0.0 0.0 0.0 0.0 0.0 0.0 0.0 
	A+	A-	B+	B-	AB+	AB-	O+	O-
Demand: 14	2	5	1	1	0	17	3	
Supply: 43	7	15	3	4	1	52	9	
Import: 0	0	0	0	0	0	0	0	
Expiry: 0	0	0	0	0	0	0	0	
Fitness: 0.17839360323570344


***************************DAY 197***************************
0.0 0.0 0.0 0.0 0.0 0.0 0.0 0.0 
	A+	A-	B+	B-	AB+	AB-	O+	O-
Demand: 40	6	15	2	4	1	49	9	
Supply: 58	10	21	4	6	2	71	12	
Import: 0	0	0	0	0	0	0	0	
Expiry: 0	0	0	0	0	0	0	0	
Fitness: 0.11658281291819793


***************************DAY 198***************************
0.0 0.0 0.0 0.0 0.0 0.0 0.0 0.0 
	A+	A-	B+	B-	AB+	AB-	O+	O-
Demand: 14	2	5	1	1	0	16	3	
Supply: 86	15	32	6	8	3	105	18	
Import: 0	0	0	0	0	0	0	0	
Expiry: 0	0	0	0	0	0	0	0	
Fitness: 0.4606801928447948


***************************DAY 199***************************
0.0 0.0 0.0 0.0 0.0 0.0 0.0 0.0 
	A+	A-	B+	B-	AB+	AB-	O+	O-
Demand: 17	3	6	1	2	1	21	4	
Supply: 115	20	43	8	11	4	141	24	
Import: 0	0	0	0	0	0	0	0	
Expiry: 0	0	0	0	0	0	0	0	
Fitness: 0.622899379711858


***************************DAY 200***************************
0.0 0.0 0.0 0.0 0.0 0.0 0.0 0.0 
	A+	A-	B+	B-	AB+	AB-	O+	O-
Demand: 25	4	9	2	2	1	30	5	
Supply: 122	21	46	8	11	4	149	25	
Import: 0	0	0	0	0	0	0	0	
Expiry: 0	0	0	0	0	0	0	0	
Fitness: 0.6140296373198871


***************************DAY 201***************************
0.0 0.0 0.0 0.0 0.0 0.0 0.0 0.0 
	A+	A-	B+	B-	AB+	AB-	O+	O-
Demand: 11	2	4	1	1	0	13	2	
Supply: 105	18	40	7	10	3	129	22	
Import: 0	0	0	0	0	0	0	0	
Expiry: 0	0	0	0	0	0	0	0	
Fitness: 0.5984120462001103


***************************DAY 202***************************
0.0 0.0 0.0 0.0 0.0 0.0 0.0 0.0 
	A+	A-	B+	B-	AB+	AB-	O+	O-
Demand: 24	4	9	1	2	1	29	5	
Supply: 106	18	40	7	10	3	130	23	
Import: 0	0	0	0	0	0	0	0	
Expiry: 0	0	0	0	0	0	0	0	
Fitness: 0.5247381869388665


***************************DAY 203***************************
0.0 0.0 0.0 0.0 0.0 0.0 0.0 0.0 
	A+	A-	B+	B-	AB+	AB-	O+	O-
Demand: 66	10	25	4	6	2	80	14	
Supply: 155	25	58	11	15	4	190	34	
Import: 0	0	0	0	0	0	0	0	
Expiry: 0	0	0	0	0	0	0	0	
Fitness: 0.5672425808275477


***************************DAY 204***************************
0.0 0.0 0.0 0.0 0.0 0.0 0.0 0.0 
	A+	A-	B+	B-	AB+	AB-	O+	O-
Demand: 54	8	20	3	5	2	66	12	
Supply: 159	26	59	11	16	4	195	35	
Import: 0	0	0	0	0	0	0	0	
Expiry: 0	0	0	0	0	0	0	0	
Fitness: 0.6675529729105718


***************************DAY 205***************************
0.0 0.0 0.0 0.0 0.0 0.0 0.0 0.0 
	A+	A-	B+	B-	AB+	AB-	O+	O-
Demand: 7	1	3	0	1	0	9	2	
Supply: 124	21	46	9	13	3	152	27	
Import: 0	0	0	0	0	0	0	0	
Expiry: 0	0	0	0	0	0	0	0	
Fitness: 0.7447659581120145


***************************DAY 206***************************
0.0 0.0 0.0 0.0 0.0 0.0 0.0 0.0 
	A+	A-	B+	B-	AB+	AB-	O+	O-
Demand: 43	7	16	3	4	1	52	9	
Supply: 179	30	66	13	18	5	219	39	
Import: 0	0	0	0	0	0	0	0	
Expiry: 0	0	0	0	0	0	0	0	
Fitness: 0.868968602062929


***************************DAY 207***************************
0.0 0.0 0.0 0.0 0.0 0.0 0.0 0.0 
	A+	A-	B+	B-	AB+	AB-	O+	O-
Demand: 70	11	26	4	7	2	86	15	
Supply: 147	25	54	11	15	4	180	32	
Import: 0	0	0	0	0	0	0	0	
Expiry: 0	0	0	0	0	0	0	0	
Fitness: 0.4924084972781095


***************************DAY 208***************************
0.0 0.0 0.0 0.0 0.0 0.0 0.0 0.0 
	A+	A-	B+	B-	AB+	AB-	O+	O-
Demand: 46	7	17	3	4	1	56	10	
Supply: 86	15	31	8	9	2	104	19	
Import: 0	0	0	0	0	0	0	0	
Expiry: 0	0	0	0	0	0	0	0	
Fitness: 0.2588828744953087


***************************DAY 209***************************
0.0 0.0 0.0 0.0 0.0 0.0 0.0 0.0 
	A+	A-	B+	B-	AB+	AB-	O+	O-
Demand: 56	9	21	3	5	2	68	12	
Supply: 94	17	34	8	10	3	114	21	
Import: 0	0	0	0	0	0	0	0	
Expiry: 0	0	0	0	0	0	0	0	
Fitness: 0.2502351558024329


***************************DAY 210***************************
10.054839958273597 0.0 4.880645696402972 0.0 0.0 0.03483885237412565 12.865807949928325 1.0775823384228325 
	A+	A-	B+	B-	AB+	AB-	O+	O-
Demand: 72	11	27	5	7	2	88	16	
Supply: 62	12	22	6	7	2	75	15	
Import: 0	0	0	0	0	0	0	0	
Expiry: 0	0	0	0	0	0	0	0	
Fitness: 0.05300162385267436


***************************DAY 211***************************
16.557701599475486 1.2746408749180453 6.459138099803308 0.0 1.364784524950827 0.45492817498360894 19.74219882436075 3.1507410244242067 
	A+	A-	B+	B-	AB+	AB-	O+	O-
Demand: 47	7	17	3	4	1	57	10	
Supply: 30	6	11	3	3	1	37	7	
Import: 0	0	0	0	0	0	0	0	
Expiry: 0	0	0	0	0	0	0	0	
Fitness: 0.09782797894576686


***************************DAY 212***************************
0.0 0.0 0.0 0.0 0.0 0.0 0.0 0.0 
	A+	A-	B+	B-	AB+	AB-	O+	O-
Demand: 28	4	10	2	3	1	34	6	
Supply: 58	9	22	4	5	2	71	13	
Import: 0	0	0	0	0	0	0	0	
Expiry: 0	0	0	0	0	0	0	0	
Fitness: 0.19189989659749668


***************************DAY 213***************************
0.0 0.0 0.0 0.0 0.0 0.0 0.0 0.0 
	A+	A-	B+	B-	AB+	AB-	O+	O-
Demand: 5	1	2	0	0	0	6	1	
Supply: 75	12	29	5	6	2	92	17	
Import: 0	0	0	0	0	0	0	0	
Expiry: 0	0	0	0	0	0	0	0	
Fitness: 0.44682155055359674


***************************DAY 214***************************
0.0 0.0 0.0 0.0 0.0 0.0 0.0 0.0 
	A+	A-	B+	B-	AB+	AB-	O+	O-
Demand: 32	5	12	2	3	1	39	7	
Supply: 133	21	51	9	12	4	163	30	
Import: 0	0	0	0	0	0	0	0	
Expiry: 0	0	0	0	0	0	0	0	
Fitness: 0.6447508111093998


***************************DAY 215***************************
0.0 0.0 0.0 0.0 0.0 0.0 0.0 0.0 
	A+	A-	B+	B-	AB+	AB-	O+	O-
Demand: 48	7	18	3	4	1	58	10	
Supply: 146	23	56	10	13	4	179	33	
Import: 0	0	0	0	0	0	0	0	
Expiry: 0	0	0	0	0	0	0	0	
Fitness: 0.6262673098072755


***************************DAY 216***************************
0.0 0.0 0.0 0.0 0.0 0.0 0.0 0.0 
	A+	A-	B+	B-	AB+	AB-	O+	O-
Demand: 67	11	25	4	6	2	82	15	
Supply: 146	24	56	10	14	5	180	34	
Import: 0	0	0	0	0	0	0	0	
Expiry: 0	0	0	0	0	0	0	0	
Fitness: 0.5124754725613786


***************************DAY 217***************************
0.0 0.0 0.0 0.0 0.0 0.0 0.0 0.0 
	A+	A-	B+	B-	AB+	AB-	O+	O-
Demand: 16	3	6	1	2	1	20	4	
Supply: 103	17	40	7	10	4	127	24	
Import: 0	0	0	0	0	0	0	0	
Expiry: 0	0	0	0	0	0	0	0	
Fitness: 0.5625872646364818


***************************DAY 218***************************
0.0 0.0 0.0 0.0 0.0 0.0 0.0 0.0 
	A+	A-	B+	B-	AB+	AB-	O+	O-
Demand: 46	7	17	3	4	1	56	10	
Supply: 98	16	38	7	9	3	120	22	
Import: 0	0	0	0	0	0	0	0	
Expiry: 0	0	0	0	0	0	0	0	
Fitness: 0.33376535293110166


***************************DAY 219***************************
0.0 0.0 0.0 0.0 0.0 0.0 0.0 0.0 
	A+	A-	B+	B-	AB+	AB-	O+	O-
Demand: 47	7	18	3	4	1	57	10	
Supply: 109	18	42	8	10	4	133	24	
Import: 0	0	0	0	0	0	0	0	
Expiry: 0	0	0	0	0	0	0	0	
Fitness: 0.3996841987480448


***************************DAY 220***************************
0.0 0.0 0.0 0.0 0.0 0.0 0.0 0.0 
	A+	A-	B+	B-	AB+	AB-	O+	O-
Demand: 0	0	0	0	0	0	0	0	
Supply: 73	13	28	6	7	3	90	16	
Import: 0	0	0	0	0	0	0	0	
Expiry: 0	0	0	0	0	0	0	0	
Fitness: 0.4703263338482839


***************************DAY 221***************************
0.0 0.0 0.0 0.0 0.0 0.0 0.0 0.0 
	A+	A-	B+	B-	AB+	AB-	O+	O-
Demand: 28	4	10	2	3	1	34	6	
Supply: 149	25	56	11	14	5	182	33	
Import: 0	0	0	0	0	0	0	0	
Expiry: 0	0	0	0	0	0	0	0	
Fitness: 0.7763003302942066


***************************DAY 222***************************
0.0 0.0 0.0 0.0 0.0 0.0 0.0 0.0 
	A+	A-	B+	B-	AB+	AB-	O+	O-
Demand: 54	8	20	3	5	2	65	12	
Supply: 144	25	55	10	13	5	176	32	
Import: 0	0	0	0	0	0	0	0	
Expiry: 0	0	0	0	0	0	0	0	
Fitness: 0.5822648618696072


***************************DAY 223***************************
0.0 0.0 0.0 0.0 0.0 0.0 0.0 0.0 
	A+	A-	B+	B-	AB+	AB-	O+	O-
Demand: 21	3	8	1	2	1	25	5	
Supply: 155	27	59	11	14	5	191	34	
Import: 0	0	0	0	0	0	0	0	
Expiry: 0	0	0	0	0	0	0	0	
Fitness: 0.8612368565014624


***************************DAY 224***************************
0.0 0.0 0.0 0.0 0.0 0.0 0.0 0.0 
	A+	A-	B+	B-	AB+	AB-	O+	O-
Demand: 7	1	3	0	1	0	9	2	
Supply: 140	25	53	10	13	4	173	30	
Import: 0	0	0	0	0	0	0	0	
Expiry: 0	0	0	0	0	0	0	0	
Fitness: 0.8494162824384243


***************************DAY 225***************************
0.0 0.0 0.0 0.0 0.0 0.0 0.0 0.0 
	A+	A-	B+	B-	AB+	AB-	O+	O-
Demand: 34	5	13	2	3	1	42	8	
Supply: 156	28	58	11	14	5	192	33	
Import: 0	0	0	0	0	0	0	0	
Expiry: 0	0	0	0	0	0	0	0	
Fitness: 0.7765250490477023


***************************DAY 226***************************
0.0 0.0 0.0 0.0 0.0 0.0 0.0 0.0 
	A+	A-	B+	B-	AB+	AB-	O+	O-
Demand: 35	5	13	2	3	1	43	8	
Supply: 198	35	74	14	18	6	243	42	
Import: 0	0	0	0	0	0	0	0	
Expiry: 0	0	0	0	0	0	0	0	
Fitness: 1.0394882352354933


***************************DAY 227***************************
0.0 0.0 0.0 0.0 0.0 0.0 0.0 0.0 
	A+	A-	B+	B-	AB+	AB-	O+	O-
Demand: 35	6	13	2	3	1	43	8	
Supply: 164	30	61	12	15	5	201	34	
Import: 0	0	0	0	0	0	0	0	
Expiry: 0	0	0	0	0	0	0	0	
Fitness: 0.8200540055626601


***************************DAY 228***************************
0.0 0.0 0.0 0.0 0.0 0.0 0.0 0.0 
	A+	A-	B+	B-	AB+	AB-	O+	O-
Demand: 37	6	14	2	4	1	46	8	
Supply: 147	27	55	11	14	5	180	30	
Import: 0	0	0	0	0	0	0	0	
Expiry: 0	0	0	0	0	0	0	0	
Fitness: 0.7016210360019985


***************************DAY 229***************************
0.0 0.0 0.0 0.0 0.0 0.0 0.0 0.0 
	A+	A-	B+	B-	AB+	AB-	O+	O-
Demand: 73	11	28	5	7	2	89	16	
Supply: 146	27	54	11	13	5	177	30	
Import: 0	0	0	0	0	0	0	0	
Expiry: 0	0	0	0	0	0	0	0	
Fitness: 0.4628355885723286


***************************DAY 230***************************
0.0 0.0 0.0 0.0 0.0 0.0 0.0 0.0 
	A+	A-	B+	B-	AB+	AB-	O+	O-
Demand: 72	11	27	5	7	2	88	16	
Supply: 93	19	34	7	8	4	113	18	
Import: 0	0	0	0	0	0	0	0	
Expiry: 0	0	0	0	0	0	0	0	
Fitness: 0.13717255517026727


***************************DAY 231***************************
7.54834732796386 0.0 3.580630247986445 0.0 1.6451575619966112 0.0 10.38704830595595 1.3010632553224184 
	A+	A-	B+	B-	AB+	AB-	O+	O-
Demand: 50	8	19	3	5	2	60	11	
Supply: 42	11	15	4	3	3	50	10	
Import: 0	0	0	0	0	0	0	0	
Expiry: 0	0	0	0	0	0	0	0	
Fitness: 0.036795438770430226


***************************DAY 232***************************
0.0 0.0 0.0 0.0 0.0 0.0 0.0 0.0 
	A+	A-	B+	B-	AB+	AB-	O+	O-
Demand: 27	4	10	2	3	1	33	6	
Supply: 77	15	29	6	7	3	94	17	
Import: 0	0	0	0	0	0	0	0	
Expiry: 0	0	0	0	0	0	0	0	
Fitness: 0.327109897480744


***************************DAY 233***************************
0.0 0.0 0.0 0.0 0.20312080420589673 0.0 0.0 0.0 
	A+	A-	B+	B-	AB+	AB-	O+	O-
Demand: 77	12	29	5	7	2	94	17	
Supply: 78	15	30	6	7	3	95	17	
Import: 0	0	0	0	0	0	0	0	
Expiry: 0	0	0	0	0	0	0	0	
Fitness: 0.016989865850136197


***************************DAY 234***************************
27.7493747880878 1.7655077727664619 9.531015545532924 0.8827538863832314 2.882753886383231 0.0 33.47580052298201 5.68734369702195 
	A+	A-	B+	B-	AB+	AB-	O+	O-
Demand: 63	10	24	4	6	2	76	14	
Supply: 35	8	14	3	3	2	43	8	
Import: 0	0	0	0	0	0	0	0	
Expiry: 0	0	0	0	0	0	0	0	
Fitness: 0.1638709361225707


***************************DAY 235***************************
6.040135996802011 0.8187712495003141 2.7650509988007537 0.12750849980012569 0.6912627497001884 0.5637542499000628 6.986415746102448 0.94627974930044 
	A+	A-	B+	B-	AB+	AB-	O+	O-
Demand: 18	3	7	1	2	1	22	4	
Supply: 12	2	4	1	1	0	15	3	
Import: 0	0	0	0	0	0	0	0	
Expiry: 0	0	0	0	0	0	0	0	
Fitness: 0.03787835847981269


***************************DAY 236***************************
0.0 0.0 0.0 0.0 0.0 0.0 0.0 0.0 
	A+	A-	B+	B-	AB+	AB-	O+	O-
Demand: 26	4	10	2	2	1	32	6	
Supply: 77	12	29	5	7	2	94	17	
Import: 0	0	0	0	0	0	0	0	
Expiry: 0	0	0	0	0	0	0	0	
Fitness: 0.32209762238574113


***************************DAY 237***************************
0.0 0.0 0.0 0.0 0.0 0.0 0.0 0.0 
	A+	A-	B+	B-	AB+	AB-	O+	O-
Demand: 7	1	3	0	1	0	9	2	
Supply: 113	18	42	7	11	3	138	25	
Import: 0	0	0	0	0	0	0	0	
Expiry: 0	0	0	0	0	0	0	0	
Fitness: 0.6674641944112865


***************************DAY 238***************************
0.0 0.0 0.0 0.0 0.0 0.0 0.0 0.0 
	A+	A-	B+	B-	AB+	AB-	O+	O-
Demand: 12	2	4	1	1	0	14	3	
Supply: 157	25	58	10	15	5	191	34	
Import: 0	0	0	0	0	0	0	0	
Expiry: 0	0	0	0	0	0	0	0	
Fitness: 0.9164949972416689


***************************DAY 239***************************
0.0 0.0 0.0 0.0 0.0 0.0 0.0 0.0 
	A+	A-	B+	B-	AB+	AB-	O+	O-
Demand: 42	6	16	3	4	1	51	9	
Supply: 182	29	68	11	17	6	222	39	
Import: 0	0	0	0	0	0	0	0	
Expiry: 0	0	0	0	0	0	0	0	
Fitness: 0.885565379292679


***************************DAY 240***************************
0.0 0.0 0.0 0.0 0.0 0.0 0.0 0.0 
	A+	A-	B+	B-	AB+	AB-	O+	O-
Demand: 17	3	6	1	2	1	21	4	
Supply: 180	29	67	10	17	6	220	39	
Import: 0	0	0	0	0	0	0	0	
Expiry: 0	0	0	0	0	0	0	0	
Fitness: 1.0293102945796708


***************************DAY 241***************************
0.0 0.0 0.0 0.0 0.0 0.0 0.0 0.0 
	A+	A-	B+	B-	AB+	AB-	O+	O-
Demand: 61	9	23	4	6	2	74	13	
Supply: 242	38	90	14	22	7	295	52	
Import: 0	0	0	0	0	0	0	0	
Expiry: 0	0	0	0	0	0	0	0	
Fitness: 1.1375861948360888


***************************DAY 242***************************
0.0 0.0 0.0 0.0 0.0 0.0 0.0 0.0 
	A+	A-	B+	B-	AB+	AB-	O+	O-
Demand: 50	8	19	3	5	2	61	11	
Supply: 192	31	71	11	17	5	235	41	
Import: 0	0	0	0	0	0	0	0	
Expiry: 0	0	0	0	0	0	0	0	
Fitness: 0.8906503919489008


***************************DAY 243***************************
0.0 0.0 0.0 0.0 0.0 0.0 0.0 0.0 
	A+	A-	B+	B-	AB+	AB-	O+	O-
Demand: 10	2	4	1	1	0	12	2	
Supply: 146	24	53	8	12	3	179	31	
Import: 0	0	0	0	0	0	0	0	
Expiry: 0	0	0	0	0	0	0	0	
Fitness: 0.8494347360664191


***************************DAY 244***************************
0.0 0.0 0.0 0.0 0.0 0.0 0.0 0.0 
	A+	A-	B+	B-	AB+	AB-	O+	O-
Demand: 40	6	15	2	4	1	49	9	
Supply: 193	31	70	11	16	5	237	42	
Import: 0	0	0	0	0	0	0	0	
Expiry: 0	0	0	0	0	0	0	0	
Fitness: 0.9575755766397985


***************************DAY 245***************************
0.0 0.0 0.0 0.0 0.0 0.0 0.0 0.0 
	A+	A-	B+	B-	AB+	AB-	O+	O-
Demand: 21	3	8	1	2	1	25	5	
Supply: 211	34	77	13	17	6	259	46	
Import: 0	0	0	0	0	0	0	0	
Expiry: 0	0	0	0	0	0	0	0	
Fitness: 1.1959747474001587


***************************DAY 246***************************
0.0 0.0 0.0 0.0 0.0 0.0 0.0 0.0 
	A+	A-	B+	B-	AB+	AB-	O+	O-
Demand: 18	3	7	1	2	1	22	4	
Supply: 240	39	88	15	20	7	295	52	
Import: 0	0	0	0	0	0	0	0	
Expiry: 0	0	0	0	0	0	0	0	
Fitness: 1.398382005907243


***************************DAY 247***************************
0.0 0.0 0.0 0.0 0.0 0.0 0.0 0.0 
	A+	A-	B+	B-	AB+	AB-	O+	O-
Demand: 56	9	21	4	5	2	68	12	
Supply: 223	36	81	14	18	6	274	48	
Import: 0	0	0	0	0	0	0	0	
Expiry: 0	0	0	0	0	0	0	0	
Fitness: 1.0457121055548997


***************************DAY 248***************************
0.0 0.0 0.0 0.0 0.0 0.0 0.0 0.0 
	A+	A-	B+	B-	AB+	AB-	O+	O-
Demand: 28	4	10	2	3	1	34	6	
Supply: 246	39	90	15	20	6	302	53	
Import: 0	0	0	0	0	0	0	0	
Expiry: 0	0	0	0	0	0	0	0	
Fitness: 1.3668231254497918


***************************DAY 249***************************
0.0 0.0 0.0 0.0 0.0 0.0 0.0 0.0 
	A+	A-	B+	B-	AB+	AB-	O+	O-
Demand: 71	11	26	4	7	2	86	15	
Supply: 236	38	87	14	19	6	291	51	
Import: 0	0	0	0	0	0	0	0	
Expiry: 0	0	0	0	0	0	0	0	
Fitness: 1.0383428366295397


***************************DAY 250***************************
0.0 0.0 0.0 0.0 0.0 0.0 0.0 0.0 
	A+	A-	B+	B-	AB+	AB-	O+	O-
Demand: 16	2	6	1	1	0	19	3	
Supply: 177	29	66	11	13	4	220	39	
Import: 0	0	0	0	0	0	0	0	
Expiry: 0	0	0	0	0	0	0	0	
Fitness: 1.0187450295569191


***************************DAY 251***************************
0.0 0.0 0.0 0.0 0.0 0.0 0.0 0.0 
	A+	A-	B+	B-	AB+	AB-	O+	O-
Demand: 56	9	21	4	5	2	69	12	
Supply: 231	38	86	14	19	6	287	51	
Import: 0	0	0	0	0	0	0	0	
Expiry: 0	0	0	0	0	0	0	0	
Fitness: 1.1075273719878358


***************************DAY 252***************************
0.0 0.0 0.0 0.0 0.0 0.0 0.0 0.0 
	A+	A-	B+	B-	AB+	AB-	O+	O-
Demand: 70	11	26	4	7	2	85	15	
Supply: 232	38	86	14	19	6	288	52	
Import: 0	0	0	0	0	0	0	0	
Expiry: 0	0	0	0	0	0	0	0	
Fitness: 1.030710041407984


***************************DAY 253***************************
0.0 0.0 0.0 0.0 0.0 0.0 0.0 0.0 
	A+	A-	B+	B-	AB+	AB-	O+	O-
Demand: 18	3	7	1	2	1	22	4	
Supply: 229	37	85	14	18	6	284	52	
Import: 0	0	0	0	0	0	0	0	
Expiry: 0	0	0	0	0	0	0	0	
Fitness: 1.3385617973071493


***************************DAY 254***************************
0.0 0.0 0.0 0.0 0.0 0.0 0.0 0.0 
	A+	A-	B+	B-	AB+	AB-	O+	O-
Demand: 58	9	22	4	5	2	71	13	
Supply: 290	46	107	18	23	7	358	65	
Import: 0	0	0	0	0	0	0	0	
Expiry: 0	0	0	0	0	0	0	0	
Fitness: 1.4594443542971487


***************************DAY 255***************************
0.0 0.0 0.0 0.0 0.0 0.0 0.0 0.0 
	A+	A-	B+	B-	AB+	AB-	O+	O-
Demand: 11	2	4	1	1	0	13	2	
Supply: 307	49	113	19	25	7	379	69	
Import: 0	0	0	0	0	0	0	0	
Expiry: 0	0	0	0	0	0	0	0	
Fitness: 1.868239502623297


***************************DAY 256***************************
0.0 0.0 0.0 0.0 0.0 0.0 0.0 0.0 
	A+	A-	B+	B-	AB+	AB-	O+	O-
Demand: 69	11	26	4	6	2	84	15	
Supply: 362	57	134	22	30	9	446	81	
Import: 0	0	0	0	0	0	0	0	
Expiry: 0	0	0	0	0	0	0	0	
Fitness: 1.847139565201011


***************************DAY 257***************************
0.0 0.0 0.0 0.0 0.0 0.0 0.0 0.0 
	A+	A-	B+	B-	AB+	AB-	O+	O-
Demand: 78	12	29	5	7	2	95	17	
Supply: 319	50	118	20	26	8	394	72	
Import: 0	0	0	0	0	0	0	0	
Expiry: 0	0	0	0	0	0	0	0	
Fitness: 1.5243808947614643


***************************DAY 258***************************
0.0 0.0 0.0 0.0 0.0 0.0 0.0 0.0 
	A+	A-	B+	B-	AB+	AB-	O+	O-
Demand: 15	2	6	1	1	0	18	3	
Supply: 317	50	117	20	26	8	391	72	
Import: 0	0	0	0	0	0	0	0	
Expiry: 0	0	0	0	0	0	0	0	
Fitness: 1.908592953172919


***************************DAY 259***************************
0.0 0.0 0.0 0.0 0.0 0.0 0.0 0.0 
	A+	A-	B+	B-	AB+	AB-	O+	O-
Demand: 54	8	20	3	5	2	66	12	
Supply: 320	51	118	20	27	9	395	73	
Import: 0	0	0	0	0	0	0	0	
Expiry: 0	0	0	0	0	0	0	0	
Fitness: 1.6858460632481702


***************************DAY 260***************************
0.0 0.0 0.0 0.0 0.0 0.0 0.0 0.0 
	A+	A-	B+	B-	AB+	AB-	O+	O-
Demand: 36	6	14	2	3	1	44	8	
Supply: 285	46	105	18	24	8	353	65	
Import: 0	0	0	0	0	0	0	0	
Expiry: 0	0	0	0	0	0	0	0	
Fitness: 1.5805013672242854


***************************DAY 261***************************
0.0 0.0 0.0 0.0 0.0 0.0 0.0 0.0 
	A+	A-	B+	B-	AB+	AB-	O+	O-
Demand: 61	9	23	4	6	2	74	13	
Supply: 305	49	112	19	26	9	377	69	
Import: 0	0	0	0	0	0	0	0	
Expiry: 0	0	0	0	0	0	0	0	
Fitness: 1.5499146279659228


***************************DAY 262***************************
0.0 0.0 0.0 0.0 0.0 0.0 0.0 0.0 
	A+	A-	B+	B-	AB+	AB-	O+	O-
Demand: 79	12	30	5	7	2	97	17	
Supply: 256	42	94	16	21	7	318	59	
Import: 0	0	0	0	0	0	0	0	
Expiry: 0	0	0	0	0	0	0	0	
Fitness: 1.125495960257777


***************************DAY 263***************************
0.0 0.0 0.0 0.0 0.0 0.0 0.0 0.0 
	A+	A-	B+	B-	AB+	AB-	O+	O-
Demand: 76	12	29	5	7	2	93	17	
Supply: 189	32	68	12	15	5	236	45	
Import: 0	0	0	0	0	0	0	0	
Expiry: 0	0	0	0	0	0	0	0	
Fitness: 0.7224150958243164


***************************DAY 264***************************
0.0 0.0 0.0 0.0 0.0 0.0 0.0 0.0 
	A+	A-	B+	B-	AB+	AB-	O+	O-
Demand: 69	11	26	4	6	2	84	15	
Supply: 192	32	69	12	15	5	239	45	
Import: 0	0	0	0	0	0	0	0	
Expiry: 0	0	0	0	0	0	0	0	
Fitness: 0.7820469111688845


***************************DAY 265***************************
0.0 0.0 0.0 0.0 0.0 0.0 0.0 0.0 
	A+	A-	B+	B-	AB+	AB-	O+	O-
Demand: 57	9	21	4	5	2	69	12	
Supply: 186	31	67	12	15	5	232	44	
Import: 0	0	0	0	0	0	0	0	
Expiry: 0	0	0	0	0	0	0	0	
Fitness: 0.8257464703122837


***************************DAY 266***************************
0.0 0.0 0.0 0.0 0.0 0.0 0.0 0.0 
	A+	A-	B+	B-	AB+	AB-	O+	O-
Demand: 22	3	8	1	2	1	26	5	
Supply: 202	33	73	13	17	5	252	48	
Import: 0	0	0	0	0	0	0	0	
Expiry: 0	0	0	0	0	0	0	0	
Fitness: 1.1492848279249657


***************************DAY 267***************************
0.0 0.0 0.0 0.0 0.0 0.0 0.0 0.0 
	A+	A-	B+	B-	AB+	AB-	O+	O-
Demand: 60	9	22	4	6	2	73	13	
Supply: 195	32	71	13	16	4	245	46	
Import: 0	0	0	0	0	0	0	0	
Expiry: 0	0	0	0	0	0	0	0	
Fitness: 0.8655003683077016


***************************DAY 268***************************
0.0 0.0 0.0 0.0 0.0 0.0 0.0 0.0 
	A+	A-	B+	B-	AB+	AB-	O+	O-
Demand: 38	6	14	2	4	1	47	8	
Supply: 187	31	69	12	15	4	235	44	
Import: 0	0	0	0	0	0	0	0	
Expiry: 0	0	0	0	0	0	0	0	
Fitness: 0.9515117082537752


***************************DAY 269***************************
0.0 0.0 0.0 0.0 0.0 0.0 0.0 0.0 
	A+	A-	B+	B-	AB+	AB-	O+	O-
Demand: 4	1	1	0	0	0	4	1	
Supply: 212	35	79	14	17	5	265	50	
Import: 0	0	0	0	0	0	0	0	
Expiry: 0	0	0	0	0	0	0	0	
Fitness: 1.33147977630475


***************************DAY 270***************************
0.0 0.0 0.0 0.0 0.0 0.0 0.0 0.0 
	A+	A-	B+	B-	AB+	AB-	O+	O-
Demand: 47	7	18	3	4	1	57	10	
Supply: 276	45	104	18	23	7	344	64	
Import: 0	0	0	0	0	0	0	0	
Expiry: 0	0	0	0	0	0	0	0	
Fitness: 1.4647731539236069


***************************DAY 271***************************
0.0 0.0 0.0 0.0 0.0 0.0 0.0 0.0 
	A+	A-	B+	B-	AB+	AB-	O+	O-
Demand: 29	4	11	2	3	1	35	6	
Supply: 258	43	97	17	22	7	323	60	
Import: 0	0	0	0	0	0	0	0	
Expiry: 0	0	0	0	0	0	0	0	
Fitness: 1.4731257557758122


***************************DAY 272***************************
0.0 0.0 0.0 0.0 0.0 0.0 0.0 0.0 
	A+	A-	B+	B-	AB+	AB-	O+	O-
Demand: 1	0	0	0	0	0	1	0	
Supply: 285	48	107	19	24	8	357	66	
Import: 0	0	0	0	0	0	0	0	
Expiry: 0	0	0	0	0	0	0	0	
Fitness: 1.8203817729600689


***************************DAY 273***************************
0.0 0.0 0.0 0.0 0.0 0.0 0.0 0.0 
	A+	A-	B+	B-	AB+	AB-	O+	O-
Demand: 22	3	8	1	2	1	27	5	
Supply: 322	54	121	21	28	9	402	74	
Import: 0	0	0	0	0	0	0	0	
Expiry: 0	0	0	0	0	0	0	0	
Fitness: 1.9220057252717344


***************************DAY 274***************************
0.0 0.0 0.0 0.0 0.0 0.0 0.0 0.0 
	A+	A-	B+	B-	AB+	AB-	O+	O-
Demand: 47	7	18	3	4	1	58	10	
Supply: 335	56	126	22	29	9	417	77	
Import: 0	0	0	0	0	0	0	0	
Expiry: 0	0	0	0	0	0	0	0	
Fitness: 1.8437510013898386


***************************DAY 275***************************
0.0 0.0 0.0 0.0 0.0 0.0 0.0 0.0 
	A+	A-	B+	B-	AB+	AB-	O+	O-
Demand: 10	2	4	1	1	0	13	2	
Supply: 297	50	111	20	26	8	369	69	
Import: 0	0	0	0	0	0	0	0	
Expiry: 0	0	0	0	0	0	0	0	
Fitness: 1.8350125662017944


***************************DAY 276***************************
0.0 0.0 0.0 0.0 0.0 0.0 0.0 0.0 
	A+	A-	B+	B-	AB+	AB-	O+	O-
Demand: 30	5	11	2	3	1	36	7	
Supply: 327	54	122	22	29	9	405	76	
Import: 0	0	0	0	0	0	0	0	
Expiry: 0	0	0	0	0	0	0	0	
Fitness: 1.9001393358224035


***************************DAY 277***************************
0.0 0.0 0.0 0.0 0.0 0.0 0.0 0.0 
	A+	A-	B+	B-	AB+	AB-	O+	O-
Demand: 63	10	24	4	6	2	77	14	
Supply: 350	57	131	23	31	10	433	81	
Import: 0	0	0	0	0	0	0	0	
Expiry: 0	0	0	0	0	0	0	0	
Fitness: 1.832995993610826


***************************DAY 278***************************
0.0 0.0 0.0 0.0 0.0 0.0 0.0 0.0 
	A+	A-	B+	B-	AB+	AB-	O+	O-
Demand: 15	2	6	1	1	0	19	3	
Supply: 303	49	113	20	26	8	375	70	
Import: 0	0	0	0	0	0	0	0	
Expiry: 0	0	0	0	0	0	0	0	
Fitness: 1.831438679524669


***************************DAY 279***************************
0.0 0.0 0.0 0.0 0.0 0.0 0.0 0.0 
	A+	A-	B+	B-	AB+	AB-	O+	O-
Demand: 12	2	5	1	1	0	15	3	
Supply: 325	53	121	21	28	9	401	75	
Import: 0	0	0	0	0	0	0	0	
Expiry: 0	0	0	0	0	0	0	0	
Fitness: 1.987165645027751


***************************DAY 280***************************
0.0 0.0 0.0 0.0 0.0 0.0 0.0 0.0 
	A+	A-	B+	B-	AB+	AB-	O+	O-
Demand: 24	4	9	1	2	1	29	5	
Supply: 375	61	139	24	33	11	461	86	
Import: 0	0	0	0	0	0	0	0	
Expiry: 0	0	0	0	0	0	0	0	
Fitness: 2.2288280247052246


***************************DAY 281***************************
0.0 0.0 0.0 0.0 0.0 0.0 0.0 0.0 
	A+	A-	B+	B-	AB+	AB-	O+	O-
Demand: 16	2	6	1	1	0	19	3	
Supply: 369	60	137	24	33	11	454	85	
Import: 0	0	0	0	0	0	0	0	
Expiry: 0	0	0	0	0	0	0	0	
Fitness: 2.248091913010797


***************************DAY 282***************************
0.0 0.0 0.0 0.0 0.0 0.0 0.0 0.0 
	A+	A-	B+	B-	AB+	AB-	O+	O-
Demand: 30	5	11	2	3	1	36	6	
Supply: 427	70	159	28	39	13	525	98	
Import: 0	0	0	0	0	0	0	0	
Expiry: 0	0	0	0	0	0	0	0	
Fitness: 2.5309533867860847


***************************DAY 283***************************
0.0 0.0 0.0 0.0 0.0 0.0 0.0 0.0 
	A+	A-	B+	B-	AB+	AB-	O+	O-
Demand: 57	9	21	4	5	2	70	12	
Supply: 414	68	154	27	38	13	509	96	
Import: 0	0	0	0	0	0	0	0	
Expiry: 0	0	0	0	0	0	0	0	
Fitness: 2.2775865841849567


***************************DAY 284***************************
0.0 0.0 0.0 0.0 0.0 0.0 0.0 0.0 
	A+	A-	B+	B-	AB+	AB-	O+	O-
Demand: 63	10	24	4	6	2	77	14	
Supply: 360	59	134	23	33	11	442	85	
Import: 0	0	0	0	0	0	0	0	
Expiry: 0	0	0	0	0	0	0	0	
Fitness: 1.8951674994667111


***************************DAY 285***************************
0.0 0.0 0.0 0.0 0.0 0.0 0.0 0.0 
	A+	A-	B+	B-	AB+	AB-	O+	O-
Demand: 66	10	25	4	6	2	80	14	
Supply: 309	51	115	20	28	9	380	74	
Import: 0	0	0	0	0	0	0	0	
Expiry: 0	0	0	0	0	0	0	0	
Fitness: 1.5554056545078374


***************************DAY 286***************************
0.0 0.0 0.0 0.0 0.0 0.0 0.0 0.0 
	A+	A-	B+	B-	AB+	AB-	O+	O-
Demand: 41	6	16	3	4	1	51	9	
Supply: 272	46	101	18	25	8	336	66	
Import: 0	0	0	0	0	0	0	0	
Expiry: 0	0	0	0	0	0	0	0	
Fitness: 1.4824042994198123


***************************DAY 287***************************
0.0 0.0 0.0 0.0 0.0 0.0 0.0 0.0 
	A+	A-	B+	B-	AB+	AB-	O+	O-
Demand: 11	2	4	1	1	0	14	2	
Supply: 252	43	93	16	23	8	310	61	
Import: 0	0	0	0	0	0	0	0	
Expiry: 0	0	0	0	0	0	0	0	
Fitness: 1.5406661799023846


***************************DAY 288***************************
0.0 0.0 0.0 0.0 0.0 0.0 0.0 0.0 
	A+	A-	B+	B-	AB+	AB-	O+	O-
Demand: 33	5	13	2	3	1	41	7	
Supply: 264	45	98	16	24	9	325	64	
Import: 0	0	0	0	0	0	0	0	
Expiry: 0	0	0	0	0	0	0	0	
Fitness: 1.478807391230484


***************************DAY 289***************************
0.0 0.0 0.0 0.0 0.0 0.0 0.0 0.0 
	A+	A-	B+	B-	AB+	AB-	O+	O-
Demand: 23	4	9	1	2	1	28	5	
Supply: 294	50	109	18	27	10	361	71	
Import: 0	0	0	0	0	0	0	0	
Expiry: 0	0	0	0	0	0	0	0	
Fitness: 1.7329838737902983


***************************DAY 290***************************
0.0 0.0 0.0 0.0 0.0 0.0 0.0 0.0 
	A+	A-	B+	B-	AB+	AB-	O+	O-
Demand: 67	10	25	4	6	2	81	15	
Supply: 341	57	126	21	32	11	418	81	
Import: 0	0	0	0	0	0	0	0	
Expiry: 0	0	0	0	0	0	0	0	
Fitness: 1.7534475922997326


***************************DAY 291***************************
0.0 0.0 0.0 0.0 0.0 0.0 0.0 0.0 
	A+	A-	B+	B-	AB+	AB-	O+	O-
Demand: 55	9	21	3	5	2	67	12	
Supply: 275	47	101	17	26	9	338	66	
Import: 0	0	0	0	0	0	0	0	
Expiry: 0	0	0	0	0	0	0	0	
Fitness: 1.4086567689269753


***************************DAY 292***************************
0.0 0.0 0.0 0.0 0.0 0.0 0.0 0.0 
	A+	A-	B+	B-	AB+	AB-	O+	O-
Demand: 4	1	2	0	0	0	5	1	
Supply: 244	42	89	15	23	8	300	59	
Import: 0	0	0	0	0	0	0	0	
Expiry: 0	0	0	0	0	0	0	0	
Fitness: 1.5344966538707323


***************************DAY 293***************************
0.0 0.0 0.0 0.0 0.0 0.0 0.0 0.0 
	A+	A-	B+	B-	AB+	AB-	O+	O-
Demand: 68	11	25	4	6	2	83	15	
Supply: 266	45	97	17	25	9	327	64	
Import: 0	0	0	0	0	0	0	0	
Expiry: 0	0	0	0	0	0	0	0	
Fitness: 1.27259290452802


***************************DAY 294***************************
0.0 0.0 0.0 0.0 0.0 0.0 0.0 0.0 
	A+	A-	B+	B-	AB+	AB-	O+	O-
Demand: 29	5	11	2	3	1	36	6	
Supply: 261	44	96	17	25	9	321	63	
Import: 0	0	0	0	0	0	0	0	
Expiry: 0	0	0	0	0	0	0	0	
Fitness: 1.4876408606220306


***************************DAY 295***************************
0.0 0.0 0.0 0.0 0.0 0.0 0.0 0.0 
	A+	A-	B+	B-	AB+	AB-	O+	O-
Demand: 26	4	10	2	2	1	32	6	
Supply: 271	45	100	17	26	9	332	66	
Import: 0	0	0	0	0	0	0	0	
Expiry: 0	0	0	0	0	0	0	0	
Fitness: 1.5675660582276503


***************************DAY 296***************************
0.0 0.0 0.0 0.0 0.0 0.0 0.0 0.0 
	A+	A-	B+	B-	AB+	AB-	O+	O-
Demand: 50	8	19	3	5	2	61	11	
Supply: 317	52	117	19	31	10	387	76	
Import: 0	0	0	0	0	0	0	0	
Expiry: 0	0	0	0	0	0	0	0	
Fitness: 1.7037668389641276


***************************DAY 297***************************
0.0 0.0 0.0 0.0 0.0 0.0 0.0 0.0 
	A+	A-	B+	B-	AB+	AB-	O+	O-
Demand: 35	5	13	2	3	1	43	8	
Supply: 285	47	105	17	28	9	348	69	
Import: 0	0	0	0	0	0	0	0	
Expiry: 0	0	0	0	0	0	0	0	
Fitness: 1.595328548324319


***************************DAY 298***************************
0.0 0.0 0.0 0.0 0.0 0.0 0.0 0.0 
	A+	A-	B+	B-	AB+	AB-	O+	O-
Demand: 42	7	16	3	4	1	51	9	
Supply: 275	46	101	17	27	9	335	66	
Import: 0	0	0	0	0	0	0	0	
Expiry: 0	0	0	0	0	0	0	0	
Fitness: 1.487777555913748


***************************DAY 299***************************
0.0 0.0 0.0 0.0 0.0 0.0 0.0 0.0 
	A+	A-	B+	B-	AB+	AB-	O+	O-
Demand: 77	12	29	5	7	2	94	17	
Supply: 259	43	95	16	25	9	316	63	
Import: 0	0	0	0	0	0	0	0	
Expiry: 0	0	0	0	0	0	0	0	
Fitness: 1.166600793489936


***************************DAY 300***************************
0.0 0.0 0.0 0.0 0.0 0.0 0.0 0.0 
	A+	A-	B+	B-	AB+	AB-	O+	O-
Demand: 27	4	10	2	3	1	33	6	
Supply: 188	32	68	11	19	7	229	47	
Import: 0	0	0	0	0	0	0	0	
Expiry: 0	0	0	0	0	0	0	0	
Fitness: 1.0309674956914803


***************************DAY 301***************************
0.0 0.0 0.0 0.0 0.0 0.0 0.0 0.0 
	A+	A-	B+	B-	AB+	AB-	O+	O-
Demand: 65	10	24	4	6	2	79	14	
Supply: 240	40	88	14	23	8	292	58	
Import: 0	0	0	0	0	0	0	0	
Expiry: 0	0	0	0	0	0	0	0	
Fitness: 1.1147912541227891


***************************DAY 302***************************
0.0 0.0 0.0 0.0 0.0 0.0 0.0 0.0 
	A+	A-	B+	B-	AB+	AB-	O+	O-
Demand: 67	10	25	4	6	2	82	15	
Supply: 241	40	89	14	23	8	294	58	
Import: 0	0	0	0	0	0	0	0	
Expiry: 0	0	0	0	0	0	0	0	
Fitness: 1.1111662684938513


***************************DAY 303***************************
0.0 0.0 0.0 0.0 0.0 0.0 0.0 0.0 
	A+	A-	B+	B-	AB+	AB-	O+	O-
Demand: 1	0	0	0	0	0	1	0	
Supply: 244	41	90	14	24	8	298	58	
Import: 0	0	0	0	0	0	0	0	
Expiry: 0	0	0	0	0	0	0	0	
Fitness: 1.5483294524242845


***************************DAY 304***************************
0.0 0.0 0.0 0.0 0.0 0.0 0.0 0.0 
	A+	A-	B+	B-	AB+	AB-	O+	O-
Demand: 79	12	30	5	7	2	96	17	
Supply: 259	43	96	15	25	8	316	61	
Import: 0	0	0	0	0	0	0	0	
Expiry: 0	0	0	0	0	0	0	0	
Fitness: 1.14823461010809


***************************DAY 305***************************
0.0 0.0 0.0 0.0 0.0 0.0 0.0 0.0 
	A+	A-	B+	B-	AB+	AB-	O+	O-
Demand: 71	11	27	4	7	2	86	15	
Supply: 201	34	74	11	20	7	246	49	
Import: 0	0	0	0	0	0	0	0	
Expiry: 0	0	0	0	0	0	0	0	
Fitness: 0.8379016396448199


***************************DAY 306***************************
0.0 0.0 0.0 0.0 0.0 0.0 0.0 0.0 
	A+	A-	B+	B-	AB+	AB-	O+	O-
Demand: 36	6	13	2	3	1	44	8	
Supply: 179	31	65	10	18	7	220	45	
Import: 0	0	0	0	0	0	0	0	
Expiry: 0	0	0	0	0	0	0	0	
Fitness: 0.9230260431071002


***************************DAY 307***************************
0.0 0.0 0.0 0.0 0.0 0.0 0.0 0.0 
	A+	A-	B+	B-	AB+	AB-	O+	O-
Demand: 76	12	28	5	7	2	93	17	
Supply: 205	35	75	12	21	8	252	51	
Import: 0	0	0	0	0	0	0	0	
Expiry: 0	0	0	0	0	0	0	0	
Fitness: 0.838476999854855


***************************DAY 308***************************
0.0 0.0 0.0 0.0 0.0 0.0 0.0 0.0 
	A+	A-	B+	B-	AB+	AB-	O+	O-
Demand: 22	3	8	1	2	1	26	5	
Supply: 197	34	72	11	20	8	242	49	
Import: 0	0	0	0	0	0	0	0	
Expiry: 0	0	0	0	0	0	0	0	
Fitness: 1.1298550579848796


***************************DAY 309***************************
0.0 0.0 0.0 0.0 0.0 0.0 0.0 0.0 
	A+	A-	B+	B-	AB+	AB-	O+	O-
Demand: 80	12	30	5	7	2	97	17	
Supply: 247	42	91	14	25	9	303	60	
Import: 0	0	0	0	0	0	0	0	
Expiry: 0	0	0	0	0	0	0	0	
Fitness: 1.079883788133416


***************************DAY 310***************************
0.0 0.0 0.0 0.0 0.0 0.0 0.0 0.0 
	A+	A-	B+	B-	AB+	AB-	O+	O-
Demand: 51	8	19	3	5	2	62	11	
Supply: 221	38	81	12	23	9	272	55	
Import: 0	0	0	0	0	0	0	0	
Expiry: 0	0	0	0	0	0	0	0	
Fitness: 1.1025552253946649


***************************DAY 311***************************
0.0 0.0 0.0 0.0 0.0 0.0 0.0 0.0 
	A+	A-	B+	B-	AB+	AB-	O+	O-
Demand: 17	3	6	1	2	1	21	4	
Supply: 171	30	62	9	18	7	211	44	
Import: 0	0	0	0	0	0	0	0	
Expiry: 0	0	0	0	0	0	0	0	
Fitness: 0.9954944518993555


***************************DAY 312***************************
0.0 0.0 0.0 0.0 0.0 0.0 0.0 0.0 
	A+	A-	B+	B-	AB+	AB-	O+	O-
Demand: 11	2	4	1	1	0	14	2	
Supply: 175	30	64	9	18	7	216	45	
Import: 0	0	0	0	0	0	0	0	
Expiry: 0	0	0	0	0	0	0	0	
Fitness: 1.0571002622014705


***************************DAY 313***************************
0.0 0.0 0.0 0.0 0.0 0.0 0.0 0.0 
	A+	A-	B+	B-	AB+	AB-	O+	O-
Demand: 17	3	6	1	2	1	20	4	
Supply: 227	38	84	12	23	9	279	57	
Import: 0	0	0	0	0	0	0	0	
Expiry: 0	0	0	0	0	0	0	0	
Fitness: 1.3537852579078369


***************************DAY 314***************************
0.0 0.0 0.0 0.0 0.0 0.0 0.0 0.0 
	A+	A-	B+	B-	AB+	AB-	O+	O-
Demand: 69	11	26	4	7	2	85	15	
Supply: 267	44	99	15	26	10	329	66	
Import: 0	0	0	0	0	0	0	0	
Expiry: 0	0	0	0	0	0	0	0	
Fitness: 1.2737428376461135


***************************DAY 315***************************
0.0 0.0 0.0 0.0 0.0 0.0 0.0 0.0 
	A+	A-	B+	B-	AB+	AB-	O+	O-
Demand: 71	11	27	4	7	2	87	16	
Supply: 230	38	85	13	22	9	283	58	
Import: 0	0	0	0	0	0	0	0	
Expiry: 0	0	0	0	0	0	0	0	
Fitness: 1.0269434612728554


***************************DAY 316***************************
0.0 0.0 0.0 0.0 0.0 0.0 0.0 0.0 
	A+	A-	B+	B-	AB+	AB-	O+	O-
Demand: 44	7	16	3	4	1	53	10	
Supply: 178	30	65	10	17	8	220	46	
Import: 0	0	0	0	0	0	0	0	
Expiry: 0	0	0	0	0	0	0	0	
Fitness: 0.8711928742016555


***************************DAY 317***************************
0.0 0.0 0.0 0.0 0.0 0.0 0.0 0.0 
	A+	A-	B+	B-	AB+	AB-	O+	O-
Demand: 67	11	25	4	6	2	82	15	
Supply: 182	31	67	10	18	9	226	47	
Import: 0	0	0	0	0	0	0	0	
Expiry: 0	0	0	0	0	0	0	0	
Fitness: 0.7548217951894709


***************************DAY 318***************************
0.0 0.0 0.0 0.0 0.0 0.0 0.0 0.0 
	A+	A-	B+	B-	AB+	AB-	O+	O-
Demand: 78	12	29	5	7	2	96	17	
Supply: 166	28	61	9	17	9	206	43	
Import: 0	0	0	0	0	0	0	0	
Expiry: 0	0	0	0	0	0	0	0	
Fitness: 0.5828293451075415


***************************DAY 319***************************
0.0 0.0 0.0 0.0 0.0 0.0 0.0 0.0 
	A+	A-	B+	B-	AB+	AB-	O+	O-
Demand: 27	4	10	2	3	1	33	6	
Supply: 158	27	58	8	17	9	196	41	
Import: 0	0	0	0	0	0	0	0	
Expiry: 0	0	0	0	0	0	0	0	
Fitness: 0.8589821101285474


***************************DAY 320***************************
0.0 0.0 0.0 0.0 0.0 0.0 0.0 0.0 
	A+	A-	B+	B-	AB+	AB-	O+	O-
Demand: 19	3	7	1	2	1	23	4	
Supply: 152	26	56	7	16	9	188	40	
Import: 0	0	0	0	0	0	0	0	
Expiry: 0	0	0	0	0	0	0	0	
Fitness: 0.869613864367488


***************************DAY 321***************************
0.0 0.0 0.0 0.0 0.0 0.0 0.0 0.0 
	A+	A-	B+	B-	AB+	AB-	O+	O-
Demand: 66	10	25	4	6	2	80	14	
Supply: 208	35	77	11	21	10	257	52	
Import: 0	0	0	0	0	0	0	0	
Expiry: 0	0	0	0	0	0	0	0	
Fitness: 0.925470459911756


***************************DAY 322***************************
0.0 0.0 0.0 0.0 0.0 0.0 0.0 0.0 
	A+	A-	B+	B-	AB+	AB-	O+	O-
Demand: 1	0	0	0	0	0	1	0	
Supply: 197	34	72	10	20	10	244	50	
Import: 0	0	0	0	0	0	0	0	
Expiry: 0	0	0	0	0	0	0	0	
Fitness: 1.266797803208112


***************************DAY 323***************************
0.0 0.0 0.0 0.0 0.0 0.0 0.0 0.0 
	A+	A-	B+	B-	AB+	AB-	O+	O-
Demand: 42	7	16	3	4	1	51	9	
Supply: 239	41	88	13	24	11	295	59	
Import: 0	0	0	0	0	0	0	0	
Expiry: 0	0	0	0	0	0	0	0	
Fitness: 1.2746692115345333


***************************DAY 324***************************
0.0 0.0 0.0 0.0 0.0 0.0 0.0 0.0 
	A+	A-	B+	B-	AB+	AB-	O+	O-
Demand: 47	7	18	3	4	1	58	10	
Supply: 205	35	75	11	21	10	254	52	
Import: 0	0	0	0	0	0	0	0	
Expiry: 0	0	0	0	0	0	0	0	
Fitness: 1.0261566333933243


***************************DAY 325***************************
0.0 0.0 0.0 0.0 0.0 0.0 0.0 0.0 
	A+	A-	B+	B-	AB+	AB-	O+	O-
Demand: 56	9	21	3	5	2	68	12	
Supply: 225	38	82	12	23	11	277	57	
Import: 0	0	0	0	0	0	0	0	
Expiry: 0	0	0	0	0	0	0	0	
Fitness: 1.0992236406888245


***************************DAY 326***************************
0.0 0.0 0.0 0.0 0.0 0.0 0.0 0.0 
	A+	A-	B+	B-	AB+	AB-	O+	O-
Demand: 51	8	19	3	5	2	62	11	
Supply: 215	36	78	12	22	10	266	55	
Import: 0	0	0	0	0	0	0	0	
Expiry: 0	0	0	0	0	0	0	0	
Fitness: 1.0656075715820108


***************************DAY 327***************************
0.0 0.0 0.0 0.0 0.0 0.0 0.0 0.0 
	A+	A-	B+	B-	AB+	AB-	O+	O-
Demand: 61	10	23	4	6	2	74	13	
Supply: 230	38	84	13	23	10	284	58	
Import: 0	0	0	0	0	0	0	0	
Expiry: 0	0	0	0	0	0	0	0	
Fitness: 1.0943132495278056


***************************DAY 328***************************
0.0 0.0 0.0 0.0 0.0 0.0 0.0 0.0 
	A+	A-	B+	B-	AB+	AB-	O+	O-
Demand: 61	10	23	4	6	2	75	13	
Supply: 217	36	79	12	22	10	269	56	
Import: 0	0	0	0	0	0	0	0	
Expiry: 0	0	0	0	0	0	0	0	
Fitness: 1.0150659050806072


***************************DAY 329***************************
0.0 0.0 0.0 0.0 0.0 0.0 0.0 0.0 
	A+	A-	B+	B-	AB+	AB-	O+	O-
Demand: 28	4	10	2	3	1	34	6	
Supply: 182	30	66	10	18	9	225	49	
Import: 0	0	0	0	0	0	0	0	
Expiry: 0	0	0	0	0	0	0	0	
Fitness: 1.0029585540100496


***************************DAY 330***************************
0.0 0.0 0.0 0.0 0.0 0.0 0.0 0.0 
	A+	A-	B+	B-	AB+	AB-	O+	O-
Demand: 19	3	7	1	2	1	23	4	
Supply: 190	32	69	10	18	9	235	51	
Import: 0	0	0	0	0	0	0	0	
Expiry: 0	0	0	0	0	0	0	0	
Fitness: 1.1106503646568242


***************************DAY 331***************************
0.0 0.0 0.0 0.0 0.0 0.0 0.0 0.0 
	A+	A-	B+	B-	AB+	AB-	O+	O-
Demand: 63	10	23	4	6	2	76	14	
Supply: 217	36	79	12	20	9	268	57	
Import: 0	0	0	0	0	0	0	0	
Expiry: 0	0	0	0	0	0	0	0	
Fitness: 1.0007347565469793


***************************DAY 332***************************
0.0 0.0 0.0 0.0 0.0 0.0 0.0 0.0 
	A+	A-	B+	B-	AB+	AB-	O+	O-
Demand: 79	12	29	5	7	2	96	17	
Supply: 209	35	77	11	19	9	259	55	
Import: 0	0	0	0	0	0	0	0	
Expiry: 0	0	0	0	0	0	0	0	
Fitness: 0.8520171341480761


***************************DAY 333***************************
0.0 0.0 0.0 0.0 0.0 0.0 0.0 0.0 
	A+	A-	B+	B-	AB+	AB-	O+	O-
Demand: 21	3	8	1	2	1	26	5	
Supply: 155	27	57	8	14	8	194	44	
Import: 0	0	0	0	0	0	0	0	
Expiry: 0	0	0	0	0	0	0	0	
Fitness: 0.880674106605861


***************************DAY 334***************************
0.0 0.0 0.0 0.0 0.0 0.0 0.0 0.0 
	A+	A-	B+	B-	AB+	AB-	O+	O-
Demand: 79	12	30	5	7	2	96	17	
Supply: 202	35	75	11	18	9	251	54	
Import: 0	0	0	0	0	0	0	0	
Expiry: 0	0	0	0	0	0	0	0	
Fitness: 0.812880962110515


***************************DAY 335***************************
0.0 0.0 0.0 0.0 0.0 0.0 0.0 0.0 
	A+	A-	B+	B-	AB+	AB-	O+	O-
Demand: 60	9	22	4	6	2	73	13	
Supply: 163	29	60	8	15	8	203	46	
Import: 0	0	0	0	0	0	0	0	
Expiry: 0	0	0	0	0	0	0	0	
Fitness: 0.6854894243326587


***************************DAY 336***************************
0.0 0.0 0.0 0.0 0.0 0.0 0.0 0.0 
	A+	A-	B+	B-	AB+	AB-	O+	O-
Demand: 66	10	25	4	6	2	80	14	
Supply: 170	30	63	8	15	8	211	48	
Import: 0	0	0	0	0	0	0	0	
Expiry: 0	0	0	0	0	0	0	0	
Fitness: 0.689251112687479


***************************DAY 337***************************
0.0 0.0 0.0 0.0 0.0 0.0 0.0 0.0 
	A+	A-	B+	B-	AB+	AB-	O+	O-
Demand: 3	1	1	0	0	0	4	1	
Supply: 159	29	59	7	14	8	198	46	
Import: 0	0	0	0	0	0	0	0	
Expiry: 0	0	0	0	0	0	0	0	
Fitness: 1.0195055430809938


***************************DAY 338***************************
0.0 0.0 0.0 0.0 0.0 0.0 0.0 0.0 
	A+	A-	B+	B-	AB+	AB-	O+	O-
Demand: 64	10	24	4	6	2	78	14	
Supply: 223	39	83	11	20	10	276	60	
Import: 0	0	0	0	0	0	0	0	
Expiry: 0	0	0	0	0	0	0	0	
Fitness: 1.0416638530879105


***************************DAY 339***************************
0.0 0.0 0.0 0.0 0.0 0.0 0.0 0.0 
	A+	A-	B+	B-	AB+	AB-	O+	O-
Demand: 75	12	28	5	7	2	92	16	
Supply: 200	35	74	10	18	9	248	55	
Import: 0	0	0	0	0	0	0	0	
Expiry: 0	0	0	0	0	0	0	0	
Fitness: 0.821988330758615


***************************DAY 340***************************
0.0 0.0 0.0 0.0 0.0 0.0 0.0 0.0 
	A+	A-	B+	B-	AB+	AB-	O+	O-
Demand: 9	1	3	1	1	0	11	2	
Supply: 170	30	63	8	15	8	210	49	
Import: 0	0	0	0	0	0	0	0	
Expiry: 0	0	0	0	0	0	0	0	
Fitness: 1.0483645721046162


***************************DAY 341***************************
0.0 0.0 0.0 0.0 0.0 0.0 0.0 0.0 
	A+	A-	B+	B-	AB+	AB-	O+	O-
Demand: 35	5	13	2	3	1	42	8	
Supply: 170	30	64	8	15	8	211	49	
Import: 0	0	0	0	0	0	0	0	
Expiry: 0	0	0	0	0	0	0	0	
Fitness: 0.8906543597194161


***************************DAY 342***************************
0.0 0.0 0.0 0.0 0.0 0.0 0.0 0.0 
	A+	A-	B+	B-	AB+	AB-	O+	O-
Demand: 16	3	6	1	2	1	20	4	
Supply: 162	29	61	8	15	8	202	47	
Import: 0	0	0	0	0	0	0	0	
Expiry: 0	0	0	0	0	0	0	0	
Fitness: 0.9623279580133924


***************************DAY 343***************************
0.0 0.0 0.0 0.0 0.0 0.0 0.0 0.0 
	A+	A-	B+	B-	AB+	AB-	O+	O-
Demand: 16	3	6	1	2	1	20	4	
Supply: 173	30	65	9	16	8	215	49	
Import: 0	0	0	0	0	0	0	0	
Expiry: 0	0	0	0	0	0	0	0	
Fitness: 1.027227372196653


***************************DAY 344***************************
0.0 0.0 0.0 0.0 0.0 0.0 0.0 0.0 
	A+	A-	B+	B-	AB+	AB-	O+	O-
Demand: 29	5	11	2	3	1	36	6	
Supply: 198	33	74	11	18	8	245	54	
Import: 0	0	0	0	0	0	0	0	
Expiry: 0	0	0	0	0	0	0	0	
Fitness: 1.0978841485414685


***************************DAY 345***************************
0.0 0.0 0.0 0.0 0.0 0.0 0.0 0.0 
	A+	A-	B+	B-	AB+	AB-	O+	O-
Demand: 7	1	2	0	1	0	8	1	
Supply: 193	32	72	11	17	8	238	53	
Import: 0	0	0	0	0	0	0	0	
Expiry: 0	0	0	0	0	0	0	0	
Fitness: 1.2060361771851493


***************************DAY 346***************************
0.0 0.0 0.0 0.0 0.0 0.0 0.0 0.0 
	A+	A-	B+	B-	AB+	AB-	O+	O-
Demand: 75	12	28	5	7	2	92	16	
Supply: 237	39	89	14	21	10	292	63	
Import: 0	0	0	0	0	0	0	0	
Expiry: 0	0	0	0	0	0	0	0	
Fitness: 1.0542770034388034


***************************DAY 347***************************
0.0 0.0 0.0 0.0 0.0 0.0 0.0 0.0 
	A+	A-	B+	B-	AB+	AB-	O+	O-
Demand: 38	6	14	2	4	1	46	8	
Supply: 199	33	75	11	17	9	245	55	
Import: 0	0	0	0	0	0	0	0	
Expiry: 0	0	0	0	0	0	0	0	
Fitness: 1.04848228095313


***************************DAY 348***************************
0.0 0.0 0.0 0.0 0.0 0.0 0.0 0.0 
	A+	A-	B+	B-	AB+	AB-	O+	O-
Demand: 28	4	11	2	3	1	34	6	
Supply: 190	32	72	11	16	9	234	53	
Import: 0	0	0	0	0	0	0	0	
Expiry: 0	0	0	0	0	0	0	0	
Fitness: 1.056640665563431


***************************DAY 349***************************
0.0 0.0 0.0 0.0 0.0 0.0 0.0 0.0 
	A+	A-	B+	B-	AB+	AB-	O+	O-
Demand: 35	5	13	2	3	1	43	8	
Supply: 184	31	69	10	15	9	227	52	
Import: 0	0	0	0	0	0	0	0	
Expiry: 0	0	0	0	0	0	0	0	
Fitness: 0.9721331957725711


***************************DAY 350***************************
0.0 0.0 0.0 0.0 0.0 0.0 0.0 0.0 
	A+	A-	B+	B-	AB+	AB-	O+	O-
Demand: 18	3	7	1	2	1	22	4	
Supply: 205	35	77	11	17	10	252	56	
Import: 0	0	0	0	0	0	0	0	
Expiry: 0	0	0	0	0	0	0	0	
Fitness: 1.2119490441308634


***************************DAY 351***************************
0.0 0.0 0.0 0.0 0.0 0.0 0.0 0.0 
	A+	A-	B+	B-	AB+	AB-	O+	O-
Demand: 8	1	3	0	1	0	10	2	
Supply: 265	44	99	15	22	11	325	69	
Import: 0	0	0	0	0	0	0	0	
Expiry: 0	0	0	0	0	0	0	0	
Fitness: 1.649888850745398


***************************DAY 352***************************
0.0 0.0 0.0 0.0 0.0 0.0 0.0 0.0 
	A+	A-	B+	B-	AB+	AB-	O+	O-
Demand: 33	5	12	2	3	1	40	7	
Supply: 316	52	118	19	27	13	387	80	
Import: 0	0	0	0	0	0	0	0	
Expiry: 0	0	0	0	0	0	0	0	
Fitness: 1.8178458732318525


***************************DAY 353***************************
0.0 0.0 0.0 0.0 0.0 0.0 0.0 0.0 
	A+	A-	B+	B-	AB+	AB-	O+	O-
Demand: 54	9	20	3	5	2	66	12	
Supply: 350	58	131	21	30	14	429	88	
Import: 0	0	0	0	0	0	0	0	
Expiry: 0	0	0	0	0	0	0	0	
Fitness: 1.8980543742297546


***************************DAY 354***************************
0.0 0.0 0.0 0.0 0.0 0.0 0.0 0.0 
	A+	A-	B+	B-	AB+	AB-	O+	O-
Demand: 71	11	27	4	7	2	87	16	
Supply: 362	59	136	22	31	14	444	90	
Import: 0	0	0	0	0	0	0	0	
Expiry: 0	0	0	0	0	0	0	0	
Fitness: 1.8668619159743463


***************************DAY 355***************************
0.0 0.0 0.0 0.0 0.0 0.0 0.0 0.0 
	A+	A-	B+	B-	AB+	AB-	O+	O-
Demand: 64	10	24	4	6	2	77	14	
Supply: 356	58	134	22	30	14	437	88	
Import: 0	0	0	0	0	0	0	0	
Expiry: 0	0	0	0	0	0	0	0	
Fitness: 1.8766431555297076


***************************DAY 356***************************
0.0 0.0 0.0 0.0 0.0 0.0 0.0 0.0 
	A+	A-	B+	B-	AB+	AB-	O+	O-
Demand: 64	10	24	4	6	2	78	14	
Supply: 318	52	120	20	26	13	391	80	
Import: 0	0	0	0	0	0	0	0	
Expiry: 0	0	0	0	0	0	0	0	
Fitness: 1.6370884094382123


***************************DAY 357***************************
0.0 0.0 0.0 0.0 0.0 0.0 0.0 0.0 
	A+	A-	B+	B-	AB+	AB-	O+	O-
Demand: 79	12	30	5	7	2	96	17	
Supply: 262	43	99	17	21	11	323	68	
Import: 0	0	0	0	0	0	0	0	
Expiry: 0	0	0	0	0	0	0	0	
Fitness: 1.1910433828653946


***************************DAY 358***************************
0.0 0.0 0.0 0.0 0.0 0.0 0.0 0.0 
	A+	A-	B+	B-	AB+	AB-	O+	O-
Demand: 37	6	14	2	3	1	45	8	
Supply: 239	40	90	16	19	11	295	63	
Import: 0	0	0	0	0	0	0	0	
Expiry: 0	0	0	0	0	0	0	0	
Fitness: 1.3104292685956023


***************************DAY 359***************************
0.0 0.0 0.0 0.0 0.0 0.0 0.0 0.0 
	A+	A-	B+	B-	AB+	AB-	O+	O-
Demand: 74	12	28	5	7	2	91	16	
Supply: 206	35	77	14	16	10	255	56	
Import: 0	0	0	0	0	0	0	0	
Expiry: 0	0	0	0	0	0	0	0	
Fitness: 0.8677229600238436


***************************DAY 360***************************
0.0 0.0 0.0 0.0 0.0 0.0 0.0 0.0 
	A+	A-	B+	B-	AB+	AB-	O+	O-
Demand: 17	3	6	1	2	1	20	4	
Supply: 186	32	69	12	14	10	230	52	
Import: 0	0	0	0	0	0	0	0	
Expiry: 0	0	0	0	0	0	0	0	
Fitness: 1.1040552971076918


***************************DAY 361***************************
0.0 0.0 0.0 0.0 0.0 0.0 0.0 0.0 
	A+	A-	B+	B-	AB+	AB-	O+	O-
Demand: 36	6	14	2	3	1	44	8	
Supply: 235	39	88	15	18	11	290	62	
Import: 0	0	0	0	0	0	0	0	
Expiry: 0	0	0	0	0	0	0	0	
Fitness: 1.2882622598027214


***************************DAY 362***************************
0.0 0.0 0.0 0.0 0.0 0.0 0.0 0.0 
	A+	A-	B+	B-	AB+	AB-	O+	O-
Demand: 4	1	2	0	0	0	5	1	
Supply: 208	34	77	14	16	10	257	56	
Import: 0	0	0	0	0	0	0	0	
Expiry: 0	0	0	0	0	0	0	0	
Fitness: 1.3158210119669056


***************************DAY 363***************************
0.0 0.0 0.0 0.0 0.0 0.0 0.0 0.0 
	A+	A-	B+	B-	AB+	AB-	O+	O-
Demand: 1	0	0	0	0	0	1	0	
Supply: 212	34	78	15	17	10	262	57	
Import: 0	0	0	0	0	0	0	0	
Expiry: 0	0	0	0	0	0	0	0	
Fitness: 1.3622722735859503


***************************DAY 364***************************
0.0 0.0 0.0 0.0 0.0 0.0 0.0 0.0 
	A+	A-	B+	B-	AB+	AB-	O+	O-
Demand: 41	6	15	3	4	1	50	9	
Supply: 260	42	96	18	22	12	321	68	
Import: 0	0	0	0	0	0	0	0	
Expiry: 0	0	0	0	0	0	0	0	
Fitness: 1.4197343252332928


***************************DAY 365***************************
0.0 0.0 0.0 0.0 0.0 0.0 0.0 0.0 
	A+	A-	B+	B-	AB+	AB-	O+	O-
Demand: 74	12	28	5	7	2	91	16	
Supply: 286	47	106	19	24	13	353	74	
Import: 0	0	0	0	0	0	0	0	
Expiry: 0	0	0	0	0	0	0	0	
Fitness: 1.3750781917649237


AVERAGES ACHIEVED OVER 365 DAYS
--------------------------------------------------------------------------
		A+	A-	B+	B-	AB+	AB-	O+	O-
Avg demand:	41.83 	6.54 	15.69 	2.61 	3.92 	1.31 	50.98 	9.15 	
Avg supply:	148.47 	24.40 	55.36 	10.75 	13.82 	5.62 	182.05 	34.90 	
Avg import:	1.60 	0.19 	0.60 	0.05 	0.15 	0.03 	1.97 	0.26 	
Avg expiry:	0.00 	0.00 	0.00 	0.00 	0.00 	0.00 	0.00 	0.00 	
Total number of solutions found: 21
Time: 4748287ms

Supply
207 
227 
301 
354 
384 
293 
112 
177 
222 
357 
385 
422 
270 
388 
470 
435 
361 
432 
324 
283 
251 
250 
186 
101 
223 
267 
341 
344 
501 
557 
445 
582 
393 
381 
264 
421 
406 
212 
140 
260 
193 
285 
282 
77 
23 
88 
28 
116 
116 
73 
155 
247 
172 
230 
264 
140 
268 
394 
413 
387 
546 
414 
308 
410 
277 
275 
257 
268 
199 
150 
193 
301 
142 
260 
426 
335 
163 
81 
268 
275 
213 
181 
195 
249 
225 
66 
100 
244 
377 
385 
339 
435 
605 
596 
422 
318 
278 
340 
372 
330 
454 
389 
271 
357 
323 
219 
62 
111 
68 
150 
281 
290 
239 
214 
280 
360 
204 
162 
125 
283 
193 
88 
231 
260 
299 
192 
179 
283 
397 
269 
333 
379 
466 
417 
453 
443 
273 
364 
525 
463 
585 
516 
535 
519 
759 
596 
529 
382 
268 
283 
190 
102 
139 
350 
369 
539 
538 
631 
516 
553 
538 
343 
309 
293 
343 
325 
468 
384 
302 
486 
477 
507 
608 
432 
410 
474 
263 
320 
380 
225 
178 
247 
406 
339 
268 
84 
113 
68 
188 
285 
257 
226 
179 
248 
197 
134 
184 
273 
366 
386 
334 
337 
492 
505 
395 
569 
468 
274 
301 
202 
98 
184 
238 
423 
464 
469 
332 
313 
348 
236 
475 
460 
496 
448 
497 
630 
522 
469 
463 
296 
138 
248 
251 
116 
38 
243 
357 
495 
574 
568 
760 
603 
456 
605 
663 
756 
700 
771 
742 
559 
732 
735 
725 
914 
968 
1141 
1007 
1001 
1013 
904 
966 
813 
602 
609 
592 
643 
622 
597 
677 
881 
827 
914 
1031 
1071 
950 
1044 
1116 
964 
1033 
1190 
1173 
1359 
1319 
1147 
986 
872 
806 
845 
940 
1087 
879 
780 
850 
836 
866 
1009 
908 
876 
826 
601 
763 
767 
777 
823 
642 
575 
659 
633 
791 
711 
552 
564 
729 
856 
738 
574 
590 
539 
514 
494 
671 
637 
770 
663 
725 
694 
740 
701 
589 
614 
698 
674 
507 
655 
532 
553 
520 
722 
649 
553 
555 
532 
565 
641 
624 
765 
644 
617 
597 
663 
850 
1012 
1121 
1158 
1139 
1020 
844 
773 
669 
605 
758 
672 
685 
839 
922 
--------------------------------------------------
Demand
49 
177 
192 
29 
137 
216 
159 
176 
65 
95 
162 
219 
115 
147 
142 
207 
30 
232 
173 
232 
107 
245 
251 
99 
92 
66 
125 
75 
187 
179 
78 
250 
171 
175 
48 
217 
195 
233 
47 
168 
51 
69 
237 
229 
39 
179 
193 
127 
252 
246 
239 
183 
130 
31 
126 
37 
114 
134 
243 
23 
216 
128 
51 
195 
34 
90 
130 
146 
178 
135 
143 
241 
10 
75 
163 
223 
194 
32 
97 
198 
179 
23 
92 
202 
165 
136 
122 
9 
201 
245 
152 
53 
233 
218 
107 
108 
133 
45 
106 
80 
93 
206 
144 
197 
123 
223 
67 
48 
198 
112 
66 
172 
243 
91 
164 
191 
62 
91 
82 
93 
180 
246 
134 
166 
147 
167 
86 
2 
229 
71 
117 
33 
176 
113 
235 
205 
110 
8 
121 
47 
211 
176 
200 
5 
218 
125 
248 
207 
231 
155 
141 
99 
25 
182 
45 
153 
4 
121 
74 
158 
199 
71 
53 
56 
129 
26 
221 
136 
14 
182 
83 
85 
181 
156 
122 
242 
46 
127 
171 
76 
215 
28 
168 
98 
192 
26 
136 
67 
72 
81 
143 
185 
206 
93 
82 
45 
126 
43 
55 
79 
35 
75 
208 
171 
23 
135 
222 
145 
176 
228 
147 
88 
15 
101 
151 
213 
51 
146 
148 
1 
87 
169 
65 
23 
109 
110 
112 
118 
232 
227 
156 
84 
243 
198 
57 
82 
23 
37 
131 
53 
191 
158 
31 
126 
65 
57 
177 
88 
223 
50 
178 
220 
56 
184 
34 
217 
245 
47 
170 
114 
191 
250 
241 
218 
179 
68 
189 
121 
11 
149 
90 
4 
70 
149 
32 
94 
200 
48 
39 
76 
49 
94 
180 
199 
208 
131 
36 
106 
74 
210 
175 
13 
214 
92 
82 
157 
110 
132 
243 
86 
206 
211 
3 
249 
223 
113 
240 
68 
251 
160 
54 
35 
52 
219 
225 
138 
213 
248 
85 
59 
208 
4 
133 
150 
175 
161 
193 
193 
88 
59 
198 
248 
67 
249 
189 
208 
10 
201 
238 
29 
110 
51 
51 
92 
21 
238 
120 
89 
111 
57 
25 
103 
172 
225 
201 
201 
248 
118 
235 
53 
114 
14 
4 
129 
234 
--------------------------------------------------
Expire
0 
0 
0 
0 
0 
0 
0 
0 
0 
0 
0 
0 
0 
0 
0 
0 
0 
0 
0 
0 
0 
0 
0 
0 
0 
0 
0 
0 
0 
0 
0 
0 
0 
0 
0 
0 
0 
0 
0 
0 
0 
0 
0 
0 
0 
0 
0 
0 
0 
0 
0 
0 
0 
0 
0 
0 
0 
0 
0 
0 
0 
0 
0 
0 
0 
0 
0 
0 
0 
0 
0 
0 
0 
0 
0 
0 
0 
0 
0 
0 
0 
0 
0 
0 
0 
0 
0 
0 
0 
0 
0 
0 
0 
0 
0 
0 
0 
0 
0 
0 
0 
0 
0 
0 
0 
0 
0 
0 
0 
0 
0 
0 
0 
0 
0 
0 
0 
0 
0 
0 
0 
0 
0 
0 
0 
0 
0 
0 
0 
0 
0 
0 
0 
0 
0 
0 
0 
0 
0 
0 
0 
0 
0 
0 
0 
0 
0 
0 
0 
0 
0 
0 
0 
0 
0 
0 
0 
0 
0 
0 
0 
0 
0 
0 
0 
0 
0 
0 
0 
0 
0 
0 
0 
0 
0 
0 
0 
0 
0 
0 
0 
0 
0 
0 
0 
0 
0 
0 
0 
0 
0 
0 
0 
0 
0 
0 
0 
0 
0 
0 
0 
0 
0 
0 
0 
0 
0 
0 
0 
0 
0 
0 
0 
0 
0 
0 
0 
0 
0 
0 
0 
0 
0 
0 
0 
0 
0 
0 
0 
0 
0 
0 
0 
0 
0 
0 
0 
0 
0 
0 
0 
0 
0 
0 
0 
0 
0 
0 
0 
0 
0 
0 
0 
0 
0 
0 
0 
0 
0 
0 
0 
0 
0 
0 
0 
0 
0 
0 
0 
0 
0 
0 
0 
0 
0 
0 
0 
0 
0 
0 
0 
0 
0 
0 
0 
0 
0 
0 
0 
0 
0 
0 
0 
0 
0 
0 
0 
0 
0 
0 
0 
0 
0 
0 
0 
0 
0 
0 
0 
0 
0 
0 
0 
0 
0 
0 
0 
0 
0 
0 
0 
0 
0 
0 
0 
0 
0 
0 
0 
0 
0 
0 
0 
0 
0 
0 
0 
0 
0 
0 
0 
0 
0 
0 
0 
0 
0 
0 
0 
0 
0 
0 
0 
0 
0 
0 
0 
0 
0 
0 
0 
0 
0 
0 
0 
--------------------------------------------------
Import
0 
0 
0 
0 
0 
0 
47 
0 
0 
0 
0 
0 
0 
0 
0 
0 
0 
0 
0 
0 
0 
3 
69 
7 
0 
0 
0 
0 
0 
0 
0 
0 
0 
0 
0 
0 
0 
27 
0 
0 
0 
0 
0 
152 
16 
91 
165 
11 
136 
173 
84 
0 
0 
0 
0 
0 
0 
0 
0 
0 
0 
0 
0 
0 
0 
0 
0 
0 
1 
4 
0 
0 
0 
0 
0 
0 
48 
0 
0 
0 
0 
0 
0 
0 
0 
80 
31 
0 
0 
0 
0 
0 
0 
0 
0 
0 
0 
0 
0 
0 
0 
0 
0 
0 
0 
13 
15 
0 
134 
0 
0 
0 
8 
0 
0 
0 
0 
0 
0 
0 
1 
158 
0 
0 
0 
0 
0 
0 
0 
0 
0 
0 
0 
0 
0 
0 
0 
0 
0 
0 
0 
0 
0 
0 
0 
0 
0 
0 
0 
0 
0 
4 
0 
0 
0 
0 
0 
0 
0 
0 
0 
0 
0 
0 
0 
0 
0 
0 
0 
0 
0 
0 
0 
0 
0 
0 
0 
0 
0 
0 
39 
0 
0 
0 
0 
0 
25 
3 
0 
0 
0 
0 
30 
0 
0 
0 
0 
0 
0 
0 
0 
0 
0 
0 
0 
0 
0 
0 
0 
29 
49 
0 
0 
0 
0 
0 
0 
0 
0 
0 
0 
0 
0 
0 
0 
0 
0 
0 
0 
0 
24 
0 
0 
82 
19 
0 
0 
0 
0 
0 
0 
0 
0 
0 
0 
0 
0 
0 
0 
0 
0 
0 
0 
0 
0 
0 
0 
0 
0 
0 
0 
0 
0 
0 
0 
0 
0 
0 
0 
0 
0 
0 
0 
0 
0 
0 
0 
0 
0 
0 
0 
0 
0 
0 
0 
0 
0 
0 
0 
0 
0 
0 
0 
0 
0 
0 
0 
0 
0 
0 
0 
0 
0 
0 
0 
0 
0 
0 
0 
0 
0 
0 
0 
0 
0 
0 
0 
0 
0 
0 
0 
0 
0 
0 
0 
0 
0 
0 
0 
0 
0 
0 
0 
0 
0 
0 
0 
0 
0 
0 
0 
0 
0 
0 
0 
0 
0 
0 
0 
0 
0 
0 
0 
0 
0 
0 
0 
0 
0 
0 
0 
0 
0 
0 
0 
